model_type: coxnet
model_params:
  l1_ratio: 0.9957739691720746
  alpha_min_ratio: 0.09951208566735434
  n_alphas: 281
  max_iter: 1607
  tol: 5.606299108678816e-06
seed: 42
cv_n_splits: 5
cv_n_repeats: 10
preprocessing_config:
  eps: 1.0e-06
  min_speed: 0.01
  max_hours: 9999.0
