model_type: coxnet
model_params:
  l1_ratio: 0.7394261595602138
  alpha_min_ratio: 0.09415244195298783
  n_alphas: 106
  max_iter: 2028
  tol: 1.1374120848144566e-08
seed: 42
cv_n_splits: 5
cv_n_repeats: 10
preprocessing_config:
  eps: 1.0e-06
  min_speed: 0.01
  max_hours: 9999.0
