model_type: coxnet
model_params:
  l1_ratio: 0.9384305714175534
  alpha_min_ratio: 0.05307841950914457
  n_alphas: 255
  max_iter: 19839
  tol: 1.1377215146419956e-05
seed: 42
cv_n_splits: 5
cv_n_repeats: 10
preprocessing_config:
  eps: 1.0e-06
  min_speed: 0.01
  max_hours: 9999.0
