model_type: coxnet
model_params:
  l1_ratio: 0.1804428460518473
  alpha_min_ratio: 0.00100748935010803
  n_alphas: 273
  max_iter: 17486
  tol: 1.8558765677617932e-05
seed: 42
cv_n_splits: 5
cv_n_repeats: 10
preprocessing_config:
  eps: 1.0e-06
  min_speed: 0.01
  max_hours: 9999.0
