model_type: gbsa
model_params:
  loss: coxph
  n_estimators: 255
  learning_rate: 0.1474448725879074
  subsample: 0.9061839057244457
  max_depth: 4
  max_features: 1.0
  max_leaf_nodes: 8
  min_samples_split: 8
  min_samples_leaf: 5
  min_weight_fraction_leaf: 0.0
  min_impurity_decrease: 0.011068951916235558
  criterion: friedman_mse
  ccp_alpha: 0.010860625902069817
  dropout_rate: 0.06887737274734869
  validation_fraction: 0.2805609812745801
  n_iter_no_change: 20
  tol: 2.6145021092267104e-05
  random_state: 42
  warm_start: false
  verbose: 0
seed: 42
cv_n_splits: 5
cv_n_repeats: 10
preprocessing_config:
  eps: 1.0e-06
  min_speed: 0.01
  max_hours: 9999.0
