model_type: coxnet
model_params:
  l1_ratio: 0.8741118817882423
  alpha_min_ratio: 0.04774167804616038
  n_alphas: 183
  max_iter: 1650
  tol: 2.5697042004899594e-05
seed: 42
cv_n_splits: 5
cv_n_repeats: 10
preprocessing_config:
  eps: 1.0e-06
  min_speed: 0.01
  max_hours: 9999.0
