model_type: coxnet
model_params:
  l1_ratio: 0.8506844129805531
  alpha_min_ratio: 0.0959544874007374
  n_alphas: 298
  max_iter: 19788
  tol: 5.2574127008137496e-05
seed: 42
cv_n_splits: 5
cv_n_repeats: 10
preprocessing_config:
  eps: 1.0e-06
  min_speed: 0.01
  max_hours: 9999.0
