model_type: coxnet
model_params:
  l1_ratio: 0.7147001332489804
  alpha_min_ratio: 0.016325942742601397
  n_alphas: 295
  max_iter: 18104
  tol: 7.478395578780942e-05
seed: 1024
cv_n_splits: 5
cv_n_repeats: 10
preprocessing_config:
  eps: 1.0e-06
  min_speed: 0.01
  max_hours: 9999.0
