model_type: coxnet
model_params:
  l1_ratio: 0.8236292425067849
  alpha_min_ratio: 0.05464974008880573
  n_alphas: 287
  max_iter: 15382
  tol: 4.451124053060357e-05
seed: 2023
cv_n_splits: 5
cv_n_repeats: 10
preprocessing_config:
  eps: 1.0e-06
  min_speed: 0.01
  max_hours: 9999.0
