model_type: coxnet
model_params:
  l1_ratio: 0.8349122341680529
  alpha_min_ratio: 0.08990770989621116
  n_alphas: 126
  max_iter: 18063
  tol: 2.5227157674359307e-08
seed: 1024
cv_n_splits: 5
cv_n_repeats: 10
preprocessing_config:
  eps: 1.0e-06
  min_speed: 0.01
  max_hours: 9999.0
