model_type: gbsa
model_params:
  loss: coxph
  n_estimators: 294
  learning_rate: 0.14970478026040196
  subsample: 0.8981419263021178
  max_depth: 3
  max_features: 0.5
  max_leaf_nodes: 31
  min_samples_split: 16
  min_samples_leaf: 6
  min_weight_fraction_leaf: 0.0
  min_impurity_decrease: 0.008917183500518393
  criterion: friedman_mse
  ccp_alpha: 0.00034629532714214377
  dropout_rate: 0.06697373012426222
  validation_fraction: 0.2547610366450272
  n_iter_no_change: null
  tol: 0.005605647290737727
  random_state: 1024
  warm_start: false
  verbose: 0
seed: 1024
cv_n_splits: 5
cv_n_repeats: 10
preprocessing_config:
  eps: 1.0e-06
  min_speed: 0.01
  max_hours: 9999.0
