model_type: coxnet
model_params:
  l1_ratio: 0.9416744683401392
  alpha_min_ratio: 0.09236512619670736
  n_alphas: 245
  max_iter: 839
  tol: 1.9411797938675662e-05
seed: 42
cv_n_splits: 5
cv_n_repeats: 10
preprocessing_config:
  eps: 1.0e-06
  min_speed: 0.01
  max_hours: 9999.0
