model_type: gbsa
model_params:
  loss: coxph
  n_estimators: 431
  learning_rate: 0.05542245387553206
  subsample: 0.5368606893842195
  max_depth: 5
  max_features: 1.0
  max_leaf_nodes: 63
  min_samples_split: 4
  min_samples_leaf: 10
  min_weight_fraction_leaf: 0.0
  min_impurity_decrease: 0.039802282081391964
  criterion: friedman_mse
  ccp_alpha: 0.0059102112781944304
  dropout_rate: 0.025914483609994265
  validation_fraction: 0.18265639913773518
  n_iter_no_change: null
  tol: 1.690098925547166e-05
  random_state: 777
  warm_start: false
  verbose: 0
seed: 777
cv_n_splits: 5
cv_n_repeats: 10
preprocessing_config:
  eps: 1.0e-06
  min_speed: 0.01
  max_hours: 9999.0
