model_type: coxnet
model_params:
  l1_ratio: 0.9863220750594053
  alpha_min_ratio: 0.07967761559646161
  n_alphas: 298
  max_iter: 17906
  tol: 2.138426174069894e-08
seed: 2023
cv_n_splits: 5
cv_n_repeats: 10
preprocessing_config:
  eps: 1.0e-06
  min_speed: 0.01
  max_hours: 9999.0
