model_type: coxnet
model_params:
  l1_ratio: 0.19163103102155365
  alpha_min_ratio: 0.004716286352701061
  n_alphas: 188
  max_iter: 9972
  tol: 1.4707533372708972e-05
seed: 777
cv_n_splits: 5
cv_n_repeats: 10
preprocessing_config:
  eps: 1.0e-06
  min_speed: 0.01
  max_hours: 9999.0
