model_type: gbsa
model_params:
  loss: coxph
  n_estimators: 333
  learning_rate: 0.1350836838055586
  subsample: 0.6788360554230902
  max_depth: 4
  max_features: 0.3
  max_leaf_nodes: null
  min_samples_split: 6
  min_samples_leaf: 16
  min_weight_fraction_leaf: 0.0
  min_impurity_decrease: 0.03285111960715467
  criterion: friedman_mse
  ccp_alpha: 0.01811576760619728
  dropout_rate: 0.11262591332182756
  validation_fraction: 0.17257765105714346
  n_iter_no_change: 10
  tol: 0.0009272662762119084
  random_state: 42
  warm_start: false
  verbose: 0
seed: 42
cv_n_splits: 5
cv_n_repeats: 10
preprocessing_config:
  eps: 1.0e-06
  min_speed: 0.01
  max_hours: 9999.0
