model_type: coxnet
model_params:
  l1_ratio: 0.2834395176643161
  alpha_min_ratio: 0.009287535623876651
  n_alphas: 298
  max_iter: 6202
  tol: 4.7109179659759426e-07
seed: 1024
cv_n_splits: 5
cv_n_repeats: 10
preprocessing_config:
  eps: 1.0e-06
  min_speed: 0.01
  max_hours: 9999.0
