model_type: coxnet
model_params:
  l1_ratio: 0.8286455961495797
  alpha_min_ratio: 0.03328065779503203
  n_alphas: 68
  max_iter: 9211
  tol: 8.000680054515153e-08
seed: 1024
cv_n_splits: 5
cv_n_repeats: 10
preprocessing_config:
  eps: 1.0e-06
  min_speed: 0.01
  max_hours: 9999.0
