model_type: coxnet
model_params:
  l1_ratio: 0.8298807464424737
  alpha_min_ratio: 0.07323191925985612
  n_alphas: 257
  max_iter: 804
  tol: 1.341367582385181e-06
seed: 42
cv_n_splits: 5
cv_n_repeats: 10
preprocessing_config:
  eps: 1.0e-06
  min_speed: 0.01
  max_hours: 9999.0
