model_type: coxnet
model_params:
  l1_ratio: 0.5954762138908047
  alpha_min_ratio: 0.03556242662800575
  n_alphas: 291
  max_iter: 19115
  tol: 2.569462394836967e-08
seed: 42
cv_n_splits: 5
cv_n_repeats: 10
preprocessing_config:
  eps: 1.0e-06
  min_speed: 0.01
  max_hours: 9999.0
