model_type: coxnet
model_params:
  l1_ratio: 0.9921452769427275
  alpha_min_ratio: 0.07237489143384315
  n_alphas: 171
  max_iter: 13028
  tol: 8.954981476706005e-08
seed: 2023
cv_n_splits: 5
cv_n_repeats: 10
preprocessing_config:
  eps: 1.0e-06
  min_speed: 0.01
  max_hours: 9999.0
