model_type: gbsa
model_params:
  loss: coxph
  n_estimators: 419
  learning_rate: 0.048259678500012906
  subsample: 0.5991666906971713
  max_depth: 4
  max_features: 0.3
  max_leaf_nodes: null
  min_samples_split: 8
  min_samples_leaf: 4
  min_weight_fraction_leaf: 0.0
  min_impurity_decrease: 0.012279216058520177
  criterion: friedman_mse
  ccp_alpha: 0.06967470361988531
  dropout_rate: 0.03474101155378432
  validation_fraction: 0.17489517495962248
  n_iter_no_change: 20
  tol: 7.184336244208646e-05
  random_state: 1024
  warm_start: false
  verbose: 0
seed: 1024
cv_n_splits: 5
cv_n_repeats: 10
preprocessing_config:
  eps: 1.0e-06
  min_speed: 0.01
  max_hours: 9999.0
