model_type: coxnet
model_params:
  l1_ratio: 0.29900991516888736
  alpha_min_ratio: 0.016916930125581462
  n_alphas: 84
  max_iter: 2109
  tol: 6.353058958636832e-07
seed: 777
cv_n_splits: 5
cv_n_repeats: 10
preprocessing_config:
  eps: 1.0e-06
  min_speed: 0.01
  max_hours: 9999.0
