model_type: gbsa
model_params:
  loss: coxph
  n_estimators: 464
  learning_rate: 0.07344382191617473
  subsample: 0.5819100239944833
  max_depth: 2
  max_features: log2
  max_leaf_nodes: 63
  min_samples_split: 20
  min_samples_leaf: 18
  min_weight_fraction_leaf: 0.0
  min_impurity_decrease: 0.03404705713061287
  criterion: friedman_mse
  ccp_alpha: 1.339613410465571e-07
  dropout_rate: 0.06660717651696539
  validation_fraction: 0.2906405347378572
  n_iter_no_change: null
  tol: 0.006983678436318356
  random_state: 2023
  warm_start: false
  verbose: 0
seed: 2023
cv_n_splits: 5
cv_n_repeats: 10
preprocessing_config:
  eps: 1.0e-06
  min_speed: 0.01
  max_hours: 9999.0
