model_type: coxnet
model_params:
  l1_ratio: 0.9982001156199724
  alpha_min_ratio: 0.06948640057759271
  n_alphas: 279
  max_iter: 1559
  tol: 2.376102625272196e-06
seed: 42
cv_n_splits: 5
cv_n_repeats: 10
preprocessing_config:
  eps: 1.0e-06
  min_speed: 0.01
  max_hours: 9999.0
