model_type: coxnet
model_params:
  l1_ratio: 0.8480669255071059
  alpha_min_ratio: 0.030719544693630717
  n_alphas: 300
  max_iter: 17816
  tol: 1.879875221656996e-05
seed: 42
cv_n_splits: 5
cv_n_repeats: 10
preprocessing_config:
  eps: 1.0e-06
  min_speed: 0.01
  max_hours: 9999.0
