model_type: coxnet
model_params:
  l1_ratio: 0.8917117644201192
  alpha_min_ratio: 0.044693873357604844
  n_alphas: 222
  max_iter: 16648
  tol: 1.4266464872741337e-05
seed: 42
cv_n_splits: 5
cv_n_repeats: 10
preprocessing_config:
  eps: 1.0e-06
  min_speed: 0.01
  max_hours: 9999.0
