model_type: coxnet
model_params:
  l1_ratio: 0.9759617095532769
  alpha_min_ratio: 0.07998260783429358
  n_alphas: 217
  max_iter: 10603
  tol: 1.6049786097708258e-07
seed: 2023
cv_n_splits: 5
cv_n_repeats: 10
preprocessing_config:
  eps: 1.0e-06
  min_speed: 0.01
  max_hours: 9999.0
