model_type: coxnet
model_params:
  l1_ratio: 0.8546320503689963
  alpha_min_ratio: 0.05275789414246937
  n_alphas: 134
  max_iter: 444
  tol: 2.9607098282919387e-05
seed: 42
cv_n_splits: 5
cv_n_repeats: 10
preprocessing_config:
  eps: 1.0e-06
  min_speed: 0.01
  max_hours: 9999.0
