model_type: gbsa
model_params:
  loss: coxph
  n_estimators: 258
  learning_rate: 0.10773102844670267
  subsample: 0.7102111069919433
  max_depth: 3
  max_features: 0.7
  max_leaf_nodes: 31
  min_samples_split: 2
  min_samples_leaf: 4
  min_weight_fraction_leaf: 0.0
  min_impurity_decrease: 0.03902781187621581
  criterion: friedman_mse
  ccp_alpha: 0.012108880862504697
  dropout_rate: 0.035562955682720526
  validation_fraction: 0.1733290604680141
  n_iter_no_change: 5
  tol: 3.7159333679759457e-05
  random_state: 42
  warm_start: false
  verbose: 0
seed: 42
cv_n_splits: 5
cv_n_repeats: 10
preprocessing_config:
  eps: 1.0e-06
  min_speed: 0.01
  max_hours: 9999.0
