model_type: coxnet
model_params:
  l1_ratio: 0.8667282019720483
  alpha_min_ratio: 0.04634675813123833
  n_alphas: 281
  max_iter: 10217
  tol: 1.7400224118834005e-06
seed: 777
cv_n_splits: 5
cv_n_repeats: 10
preprocessing_config:
  eps: 1.0e-06
  min_speed: 0.01
  max_hours: 9999.0
