model_type: gbsa
model_params:
  loss: coxph
  n_estimators: 73
  learning_rate: 0.05678724636534661
  subsample: 0.7273058566420849
  max_depth: 4
  max_features: 0.7
  max_leaf_nodes: 31
  min_samples_split: 16
  min_samples_leaf: 11
  min_weight_fraction_leaf: 0.0
  min_impurity_decrease: 0.031916203480338065
  criterion: friedman_mse
  ccp_alpha: 0.00344838889768566
  dropout_rate: 0.17813245024750599
  validation_fraction: 0.2680175851279782
  n_iter_no_change: null
  tol: 2.303906114306215e-05
  random_state: 777
  warm_start: false
  verbose: 0
seed: 777
cv_n_splits: 5
cv_n_repeats: 10
preprocessing_config:
  eps: 1.0e-06
  min_speed: 0.01
  max_hours: 9999.0
