model_type: coxnet
model_params:
  l1_ratio: 0.982555596268567
  alpha_min_ratio: 0.09419921771676107
  n_alphas: 209
  max_iter: 12925
  tol: 6.256714254509127e-07
seed: 2023
cv_n_splits: 5
cv_n_repeats: 10
preprocessing_config:
  eps: 1.0e-06
  min_speed: 0.01
  max_hours: 9999.0
