model_type: coxnet
model_params:
  l1_ratio: 0.5250957732978493
  alpha_min_ratio: 0.0001645316113598073
  n_alphas: 273
  max_iter: 869
  tol: 6.738938525081159e-05
seed: 42
cv_n_splits: 5
cv_n_repeats: 10
preprocessing_config:
  eps: 1.0e-06
  min_speed: 0.01
  max_hours: 9999.0
