model_type: coxnet
model_params:
  l1_ratio: 0.9499218226004026
  alpha_min_ratio: 0.05478072650071007
  n_alphas: 254
  max_iter: 19991
  tol: 7.968584396459832e-06
seed: 42
cv_n_splits: 5
cv_n_repeats: 10
preprocessing_config:
  eps: 1.0e-06
  min_speed: 0.01
  max_hours: 9999.0
