model_type: gbsa
model_params:
  loss: coxph
  n_estimators: 340
  learning_rate: 0.1093964753676201
  subsample: 0.9874370977819491
  max_depth: 2
  max_features: 0.7
  max_leaf_nodes: null
  min_samples_split: 9
  min_samples_leaf: 11
  min_weight_fraction_leaf: 0.0
  min_impurity_decrease: 0.046160838518761335
  criterion: friedman_mse
  ccp_alpha: 1.934496506165559e-07
  dropout_rate: 0.02836446083626546
  validation_fraction: 0.1723864613691681
  n_iter_no_change: null
  tol: 0.00014695265809953702
  random_state: 1024
  warm_start: false
  verbose: 0
seed: 1024
cv_n_splits: 5
cv_n_repeats: 10
preprocessing_config:
  eps: 1.0e-06
  min_speed: 0.01
  max_hours: 9999.0
