model_type: coxnet
model_params:
  l1_ratio: 0.9370592119458028
  alpha_min_ratio: 0.044899756615065366
  n_alphas: 249
  max_iter: 17719
  tol: 9.238071615896227e-05
seed: 42
cv_n_splits: 5
cv_n_repeats: 10
preprocessing_config:
  eps: 1.0e-06
  min_speed: 0.01
  max_hours: 9999.0
