model_type: coxnet
model_params:
  l1_ratio: 0.6890682814789485
  alpha_min_ratio: 0.002923106787101449
  n_alphas: 111
  max_iter: 12358
  tol: 5.770779928933916e-07
seed: 42
cv_n_splits: 5
cv_n_repeats: 10
preprocessing_config:
  eps: 1.0e-06
  min_speed: 0.01
  max_hours: 9999.0
