model_type: coxnet
model_params:
  l1_ratio: 0.149111232454337
  alpha_min_ratio: 0.00013019156145245315
  n_alphas: 297
  max_iter: 14731
  tol: 1.3741043445045228e-05
seed: 1024
cv_n_splits: 5
cv_n_repeats: 10
preprocessing_config:
  eps: 1.0e-06
  min_speed: 0.01
  max_hours: 9999.0
