model_type: coxnet
model_params:
  l1_ratio: 0.8250773820298123
  alpha_min_ratio: 0.09038353168701808
  n_alphas: 274
  max_iter: 15201
  tol: 5.7219256262397847e-05
seed: 1024
cv_n_splits: 5
cv_n_repeats: 10
preprocessing_config:
  eps: 1.0e-06
  min_speed: 0.01
  max_hours: 9999.0
