model_type: coxnet
model_params:
  l1_ratio: 0.6634755655892397
  alpha_min_ratio: 0.0006582986804900183
  n_alphas: 219
  max_iter: 1309
  tol: 1.883797803576176e-05
seed: 2023
cv_n_splits: 5
cv_n_repeats: 10
preprocessing_config:
  eps: 1.0e-06
  min_speed: 0.01
  max_hours: 9999.0
