model_type: coxnet
model_params:
  l1_ratio: 0.882808447266879
  alpha_min_ratio: 0.007362350226511971
  n_alphas: 113
  max_iter: 4418
  tol: 1.8433927643477388e-05
seed: 777
cv_n_splits: 5
cv_n_repeats: 10
preprocessing_config:
  eps: 1.0e-06
  min_speed: 0.01
  max_hours: 9999.0
