seed: 42
cv_n_splits: 5
cv_n_repeats: 10
gbsa_config:
  loss: coxph
  n_estimators: 89
  learning_rate: 0.11221961845265546
  subsample: 0.7215701548800484
  max_depth: 6
  max_features: sqrt
  max_leaf_nodes: 8
  min_samples_split: 6
  min_samples_leaf: 11
  min_weight_fraction_leaf: 0.0
  min_impurity_decrease: 0.04423813773237841
  criterion: friedman_mse
  ccp_alpha: 1.4968365177337927e-08
  dropout_rate: 0.06885458525266305
  validation_fraction: 0.17939607952437742
  n_iter_no_change: null
  tol: 2.691123343427331e-05
  random_state: 42
  warm_start: false
  verbose: 0
preprocessing_config:
  eps: 1.0e-06
  min_speed: 0.01
  max_hours: 9999.0
