model_type: gbsa
model_params:
  loss: coxph
  n_estimators: 264
  learning_rate: 0.12714559784226767
  subsample: 0.618261706271956
  max_depth: 5
  max_features: sqrt
  max_leaf_nodes: 31
  min_samples_split: 18
  min_samples_leaf: 10
  min_weight_fraction_leaf: 0.0
  min_impurity_decrease: 0.036117127371826936
  criterion: friedman_mse
  ccp_alpha: 0.0006705155186174025
  dropout_rate: 0.17378195612177336
  validation_fraction: 0.1574572409157678
  n_iter_no_change: 10
  tol: 0.0025402909179819398
  random_state: 1024
  warm_start: false
  verbose: 0
seed: 1024
cv_n_splits: 5
cv_n_repeats: 10
preprocessing_config:
  eps: 1.0e-06
  min_speed: 0.01
  max_hours: 9999.0
