model_type: coxnet
model_params:
  l1_ratio: 0.999045189536155
  alpha_min_ratio: 0.0971649113703983
  n_alphas: 253
  max_iter: 15465
  tol: 4.962015356018571e-07
seed: 2023
cv_n_splits: 5
cv_n_repeats: 10
preprocessing_config:
  eps: 1.0e-06
  min_speed: 0.01
  max_hours: 9999.0
