model_type: coxnet
model_params:
  l1_ratio: 0.9724476100294114
  alpha_min_ratio: 0.03595755780564848
  n_alphas: 141
  max_iter: 15937
  tol: 9.037991812178649e-08
seed: 777
cv_n_splits: 5
cv_n_repeats: 10
preprocessing_config:
  eps: 1.0e-06
  min_speed: 0.01
  max_hours: 9999.0
