model_type: coxnet
model_params:
  l1_ratio: 0.8904069224101204
  alpha_min_ratio: 0.09129649573127024
  n_alphas: 277
  max_iter: 970
  tol: 1.0652214533239852e-05
seed: 42
cv_n_splits: 5
cv_n_repeats: 10
preprocessing_config:
  eps: 1.0e-06
  min_speed: 0.01
  max_hours: 9999.0
