model_type: gbsa
model_params:
  loss: coxph
  n_estimators: 346
  learning_rate: 0.08318221099005689
  subsample: 0.597401335599229
  max_depth: 6
  max_features: null
  max_leaf_nodes: 8
  min_samples_split: 12
  min_samples_leaf: 15
  min_weight_fraction_leaf: 0.0
  min_impurity_decrease: 0.01827122624490555
  criterion: friedman_mse
  ccp_alpha: 2.091081605904213e-06
  dropout_rate: 0.06033719069208203
  validation_fraction: 0.12048244827643563
  n_iter_no_change: null
  tol: 0.0004367874005407687
  random_state: 2023
  warm_start: false
  verbose: 0
seed: 2023
cv_n_splits: 5
cv_n_repeats: 10
preprocessing_config:
  eps: 1.0e-06
  min_speed: 0.01
  max_hours: 9999.0
