model_type: coxnet
model_params:
  l1_ratio: 0.685375170379707
  alpha_min_ratio: 0.06458250765378327
  n_alphas: 242
  max_iter: 13727
  tol: 3.456477937661748e-05
seed: 1024
cv_n_splits: 5
cv_n_repeats: 10
preprocessing_config:
  eps: 1.0e-06
  min_speed: 0.01
  max_hours: 9999.0
