model_type: gbsa
model_params:
  loss: coxph
  n_estimators: 404
  learning_rate: 0.09809928891603621
  subsample: 0.9408916781602563
  max_depth: 4
  max_features: 0.3
  max_leaf_nodes: null
  min_samples_split: 10
  min_samples_leaf: 13
  min_weight_fraction_leaf: 0.0
  min_impurity_decrease: 0.0300257020083304
  criterion: friedman_mse
  ccp_alpha: 0.0005804999478515464
  dropout_rate: 0.03802125191245104
  validation_fraction: 0.1036320934578471
  n_iter_no_change: null
  tol: 0.0019815517037557575
  random_state: 42
  warm_start: false
  verbose: 0
seed: 42
cv_n_splits: 5
cv_n_repeats: 10
preprocessing_config:
  eps: 1.0e-06
  min_speed: 0.01
  max_hours: 9999.0
