model_type: gbsa
model_params:
  loss: coxph
  n_estimators: 407
  learning_rate: 0.1225584358332333
  subsample: 0.8071502789339616
  max_depth: 3
  max_features: 0.5
  max_leaf_nodes: null
  min_samples_split: 2
  min_samples_leaf: 13
  min_weight_fraction_leaf: 0.0
  min_impurity_decrease: 0.02009696134357441
  criterion: friedman_mse
  ccp_alpha: 2.2085497919388794e-05
  dropout_rate: 0.1821059433358196
  validation_fraction: 0.18027209675181108
  n_iter_no_change: null
  tol: 0.00045713652025307534
  random_state: 42
  warm_start: false
  verbose: 0
seed: 42
cv_n_splits: 5
cv_n_repeats: 10
preprocessing_config:
  eps: 1.0e-06
  min_speed: 0.01
  max_hours: 9999.0
