model_type: coxnet
model_params:
  l1_ratio: 0.6554920315255096
  alpha_min_ratio: 0.019983915391039907
  n_alphas: 245
  max_iter: 1874
  tol: 7.191389329635507e-06
seed: 42
cv_n_splits: 5
cv_n_repeats: 10
preprocessing_config:
  eps: 1.0e-06
  min_speed: 0.01
  max_hours: 9999.0
