model_type: gbsa
model_params:
  loss: coxph
  n_estimators: 388
  learning_rate: 0.017084954452469478
  subsample: 0.692280748068423
  max_depth: 5
  max_features: sqrt
  max_leaf_nodes: 8
  min_samples_split: 7
  min_samples_leaf: 17
  min_weight_fraction_leaf: 0.0
  min_impurity_decrease: 0.04558479626371905
  criterion: friedman_mse
  ccp_alpha: 0.0005576378153923397
  dropout_rate: 0.10506003949475927
  validation_fraction: 0.24663258298327434
  n_iter_no_change: null
  tol: 1.7283939613348408e-05
  random_state: 777
  warm_start: false
  verbose: 0
seed: 777
cv_n_splits: 5
cv_n_repeats: 10
preprocessing_config:
  eps: 1.0e-06
  min_speed: 0.01
  max_hours: 9999.0
