model_type: coxnet
model_params:
  l1_ratio: 0.016959500053532195
  alpha_min_ratio: 0.00012017924319721431
  n_alphas: 165
  max_iter: 11894
  tol: 5.851114017744641e-05
seed: 2023
cv_n_splits: 5
cv_n_repeats: 10
preprocessing_config:
  eps: 1.0e-06
  min_speed: 0.01
  max_hours: 9999.0
