model_type: coxnet
model_params:
  l1_ratio: 0.11528129276194682
  alpha_min_ratio: 0.012666740826728683
  n_alphas: 182
  max_iter: 311
  tol: 1.513251608126556e-07
seed: 42
cv_n_splits: 5
cv_n_repeats: 10
preprocessing_config:
  eps: 1.0e-06
  min_speed: 0.01
  max_hours: 9999.0
