model_type: coxnet
model_params:
  l1_ratio: 0.8185086300370942
  alpha_min_ratio: 0.0013927608591415522
  n_alphas: 163
  max_iter: 1570
  tol: 1.587685515507852e-08
seed: 2023
cv_n_splits: 5
cv_n_repeats: 10
preprocessing_config:
  eps: 1.0e-06
  min_speed: 0.01
  max_hours: 9999.0
