seed: 42
cv_n_splits: 5
cv_n_repeats: 10
gbsa_config:
  loss: coxph
  n_estimators: 417
  learning_rate: 0.09909851872130629
  subsample: 0.5099703856577205
  max_depth: 5
  max_features: 0.5
  max_leaf_nodes: null
  min_samples_split: 2
  min_samples_leaf: 18
  min_weight_fraction_leaf: 0.0
  min_impurity_decrease: 0.03930236329049503
  criterion: friedman_mse
  ccp_alpha: 0.007518938273846944
  dropout_rate: 0.08544147079586777
  validation_fraction: 0.1455057518147622
  n_iter_no_change: null
  tol: 2.8784063302401153e-05
  random_state: 42
  warm_start: false
  verbose: 0
preprocessing_config:
  eps: 1.0e-06
  min_speed: 0.01
  max_hours: 9999.0
