model_type: coxnet
model_params:
  l1_ratio: 0.7895387660842013
  alpha_min_ratio: 0.05231013465433669
  n_alphas: 259
  max_iter: 19297
  tol: 8.663033638040327e-05
seed: 42
cv_n_splits: 5
cv_n_repeats: 10
preprocessing_config:
  eps: 1.0e-06
  min_speed: 0.01
  max_hours: 9999.0
