model_type: coxnet
model_params:
  l1_ratio: 0.942601307278681
  alpha_min_ratio: 0.08885641960906532
  n_alphas: 151
  max_iter: 14431
  tol: 2.1377902840473617e-08
seed: 2023
cv_n_splits: 5
cv_n_repeats: 10
preprocessing_config:
  eps: 1.0e-06
  min_speed: 0.01
  max_hours: 9999.0
