model_type: coxnet
model_params:
  l1_ratio: 0.8666468221761706
  alpha_min_ratio: 0.09540672529203297
  n_alphas: 285
  max_iter: 18512
  tol: 3.447209730867072e-06
seed: 42
cv_n_splits: 5
cv_n_repeats: 10
preprocessing_config:
  eps: 1.0e-06
  min_speed: 0.01
  max_hours: 9999.0
