model_type: coxnet
model_params:
  l1_ratio: 0.8021676599127855
  alpha_min_ratio: 0.037071724648776914
  n_alphas: 133
  max_iter: 10006
  tol: 5.384558112884678e-06
seed: 777
cv_n_splits: 5
cv_n_repeats: 10
preprocessing_config:
  eps: 1.0e-06
  min_speed: 0.01
  max_hours: 9999.0
