model_type: coxnet
model_params:
  l1_ratio: 0.9709126609620685
  alpha_min_ratio: 0.0798959694904659
  n_alphas: 240
  max_iter: 612
  tol: 9.16680623845513e-07
seed: 42
cv_n_splits: 5
cv_n_repeats: 10
preprocessing_config:
  eps: 1.0e-06
  min_speed: 0.01
  max_hours: 9999.0
