model_type: coxnet
model_params:
  l1_ratio: 0.9286049142012154
  alpha_min_ratio: 0.04215505069521572
  n_alphas: 80
  max_iter: 19757
  tol: 1.2422984423791353e-06
seed: 2023
cv_n_splits: 5
cv_n_repeats: 10
preprocessing_config:
  eps: 1.0e-06
  min_speed: 0.01
  max_hours: 9999.0
