model_type: coxnet
model_params:
  l1_ratio: 0.9971910912229756
  alpha_min_ratio: 0.09591620646382046
  n_alphas: 209
  max_iter: 304
  tol: 4.7152489189632975e-06
seed: 42
cv_n_splits: 5
cv_n_repeats: 10
preprocessing_config:
  eps: 1.0e-06
  min_speed: 0.01
  max_hours: 9999.0
