model_type: coxnet
model_params:
  l1_ratio: 0.9334810388091099
  alpha_min_ratio: 0.025114628213868985
  n_alphas: 170
  max_iter: 12477
  tol: 3.9275308232782755e-06
seed: 1024
cv_n_splits: 5
cv_n_repeats: 10
preprocessing_config:
  eps: 1.0e-06
  min_speed: 0.01
  max_hours: 9999.0
