seed: 42
cv_n_splits: 5
cv_n_repeats: 10
gbsa_config:
  loss: coxph
  n_estimators: 454
  learning_rate: 0.10356138984882458
  subsample: 0.558496012119399
  max_depth: 6
  max_features: sqrt
  max_leaf_nodes: 31
  min_samples_split: 2
  min_samples_leaf: 12
  min_weight_fraction_leaf: 0.0
  min_impurity_decrease: 0.02481788457473793
  criterion: friedman_mse
  ccp_alpha: 1.617455090256836e-05
  dropout_rate: 0.10128251751349965
  validation_fraction: 0.2207231097042018
  n_iter_no_change: 20
  tol: 0.00013619021206521493
  random_state: 42
  warm_start: false
  verbose: 0
preprocessing_config:
  eps: 1.0e-06
  min_speed: 0.01
  max_hours: 9999.0
