model_type: coxnet
model_params:
  l1_ratio: 0.9503760246840142
  alpha_min_ratio: 0.0959059261721616
  n_alphas: 246
  max_iter: 10560
  tol: 6.225356328391057e-05
seed: 777
cv_n_splits: 5
cv_n_repeats: 10
preprocessing_config:
  eps: 1.0e-06
  min_speed: 0.01
  max_hours: 9999.0
