model_type: coxnet
model_params:
  l1_ratio: 0.9338329873486902
  alpha_min_ratio: 0.05726488340846343
  n_alphas: 155
  max_iter: 19770
  tol: 6.443318524389458e-07
seed: 777
cv_n_splits: 5
cv_n_repeats: 10
preprocessing_config:
  eps: 1.0e-06
  min_speed: 0.01
  max_hours: 9999.0
