model_type: coxnet
model_params:
  l1_ratio: 0.2705277263693613
  alpha_min_ratio: 0.0017690984985797911
  n_alphas: 161
  max_iter: 7761
  tol: 7.307635266317049e-08
seed: 777
cv_n_splits: 5
cv_n_repeats: 10
preprocessing_config:
  eps: 1.0e-06
  min_speed: 0.01
  max_hours: 9999.0
