model_type: coxnet
model_params:
  l1_ratio: 0.6571966088031087
  alpha_min_ratio: 0.0004359474312467656
  n_alphas: 130
  max_iter: 8916
  tol: 1.1028196553844574e-05
seed: 1024
cv_n_splits: 5
cv_n_repeats: 10
preprocessing_config:
  eps: 1.0e-06
  min_speed: 0.01
  max_hours: 9999.0
