model_type: coxnet
model_params:
  l1_ratio: 0.9614142460714873
  alpha_min_ratio: 0.09210890081674354
  n_alphas: 65
  max_iter: 910
  tol: 9.129135104033196e-07
seed: 42
cv_n_splits: 5
cv_n_repeats: 10
preprocessing_config:
  eps: 1.0e-06
  min_speed: 0.01
  max_hours: 9999.0
