seed: 42
cv_n_splits: 5
cv_n_repeats: 10
gbsa_config:
  loss: coxph
  n_estimators: 65
  learning_rate: 0.1206471826607874
  subsample: 0.6375647255991114
  max_depth: 5
  max_features: 0.3
  max_leaf_nodes: 31
  min_samples_split: 2
  min_samples_leaf: 5
  min_weight_fraction_leaf: 0.0
  min_impurity_decrease: 0.021103056993713582
  criterion: friedman_mse
  ccp_alpha: 0.0012329384861560785
  dropout_rate: 0.08693536269647985
  validation_fraction: 0.2926086842158182
  n_iter_no_change: 5
  tol: 0.0006574221846070752
  random_state: 42
  warm_start: false
  verbose: 0
preprocessing_config:
  eps: 1.0e-06
  min_speed: 0.01
  max_hours: 9999.0
