model_type: gbsa
model_params:
  loss: coxph
  n_estimators: 191
  learning_rate: 0.05692364828140143
  subsample: 0.9522674812307371
  max_depth: 4
  max_features: sqrt
  max_leaf_nodes: 16
  min_samples_split: 20
  min_samples_leaf: 1
  min_weight_fraction_leaf: 0.0
  min_impurity_decrease: 0.047152335421049754
  criterion: friedman_mse
  ccp_alpha: 0.00028467841118379796
  dropout_rate: 0.04786594558963258
  validation_fraction: 0.17869926602101843
  n_iter_no_change: null
  tol: 4.794786193194191e-05
  random_state: 1024
  warm_start: false
  verbose: 0
seed: 1024
cv_n_splits: 5
cv_n_repeats: 10
preprocessing_config:
  eps: 1.0e-06
  min_speed: 0.01
  max_hours: 9999.0
