model_type: coxnet
model_params:
  l1_ratio: 0.6290871839309968
  alpha_min_ratio: 0.047295027441288155
  n_alphas: 52
  max_iter: 11137
  tol: 5.4045518184844204e-05
seed: 1024
cv_n_splits: 5
cv_n_repeats: 10
preprocessing_config:
  eps: 1.0e-06
  min_speed: 0.01
  max_hours: 9999.0
