model_type: coxnet
model_params:
  l1_ratio: 0.9913104148638588
  alpha_min_ratio: 0.03037277640703885
  n_alphas: 124
  max_iter: 17988
  tol: 4.741175096162996e-06
seed: 777
cv_n_splits: 5
cv_n_repeats: 10
preprocessing_config:
  eps: 1.0e-06
  min_speed: 0.01
  max_hours: 9999.0
