model_type: gbsa
model_params:
  loss: coxph
  n_estimators: 131
  learning_rate: 0.12880910707470516
  subsample: 0.9082383376286667
  max_depth: 4
  max_features: sqrt
  max_leaf_nodes: 16
  min_samples_split: 18
  min_samples_leaf: 6
  min_weight_fraction_leaf: 0.0
  min_impurity_decrease: 0.010169363552335229
  criterion: friedman_mse
  ccp_alpha: 1.9905557384559568e-07
  dropout_rate: 0.02120133553863529
  validation_fraction: 0.23059746417145818
  n_iter_no_change: null
  tol: 0.0004055567691634544
  random_state: 1024
  warm_start: false
  verbose: 0
seed: 1024
cv_n_splits: 5
cv_n_repeats: 10
preprocessing_config:
  eps: 1.0e-06
  min_speed: 0.01
  max_hours: 9999.0
