model_type: coxnet
model_params:
  l1_ratio: 0.9910369158368042
  alpha_min_ratio: 0.06893076116860782
  n_alphas: 272
  max_iter: 19323
  tol: 2.8364106126476884e-06
seed: 1024
cv_n_splits: 5
cv_n_repeats: 10
preprocessing_config:
  eps: 1.0e-06
  min_speed: 0.01
  max_hours: 9999.0
