model_type: coxnet
model_params:
  l1_ratio: 0.9636556731563756
  alpha_min_ratio: 0.09431473665694981
  n_alphas: 128
  max_iter: 14368
  tol: 6.228046112392153e-07
seed: 777
cv_n_splits: 5
cv_n_repeats: 10
preprocessing_config:
  eps: 1.0e-06
  min_speed: 0.01
  max_hours: 9999.0
