seed: 42
cv_n_splits: 5
cv_n_repeats: 10
gbsa_config:
  loss: coxph
  n_estimators: 189
  learning_rate: 0.06717157979198303
  subsample: 0.8543927428806224
  max_depth: 5
  max_features: log2
  max_leaf_nodes: 8
  min_samples_split: 7
  min_samples_leaf: 7
  min_weight_fraction_leaf: 0.0
  min_impurity_decrease: 0.02250489363762153
  criterion: friedman_mse
  ccp_alpha: 2.2635910549513935e-06
  dropout_rate: 0.03949074326471261
  validation_fraction: 0.24564047368698982
  n_iter_no_change: 5
  tol: 0.00035042328326215553
  random_state: 42
  warm_start: false
  verbose: 0
preprocessing_config:
  eps: 1.0e-06
  min_speed: 0.01
  max_hours: 9999.0
