model_type: coxnet
model_params:
  l1_ratio: 0.9177730564736413
  alpha_min_ratio: 0.04228498350400235
  n_alphas: 166
  max_iter: 12655
  tol: 1.1214119054029283e-07
seed: 2023
cv_n_splits: 5
cv_n_repeats: 10
preprocessing_config:
  eps: 1.0e-06
  min_speed: 0.01
  max_hours: 9999.0
