seed: 42
cv_n_splits: 5
cv_n_repeats: 10
gbsa_config:
  loss: coxph
  n_estimators: 388
  learning_rate: 0.14918610006923397
  subsample: 0.6318358963215097
  max_depth: 6
  max_features: sqrt
  max_leaf_nodes: 31
  min_samples_split: 5
  min_samples_leaf: 5
  min_weight_fraction_leaf: 0.0
  min_impurity_decrease: 0.042028511829326445
  criterion: friedman_mse
  ccp_alpha: 0.0009410478816305374
  dropout_rate: 0.0627956094146931
  validation_fraction: 0.17217514049691202
  n_iter_no_change: 20
  tol: 0.0006975872287817361
  random_state: 42
  warm_start: false
  verbose: 0
preprocessing_config:
  eps: 1.0e-06
  min_speed: 0.01
  max_hours: 9999.0
