model_type: coxnet
model_params:
  l1_ratio: 0.9882221693954766
  alpha_min_ratio: 0.09596414786232954
  n_alphas: 300
  max_iter: 13340
  tol: 7.120936118541897e-06
seed: 42
cv_n_splits: 5
cv_n_repeats: 10
preprocessing_config:
  eps: 1.0e-06
  min_speed: 0.01
  max_hours: 9999.0
