model_type: coxnet
model_params:
  l1_ratio: 0.9318463381053896
  alpha_min_ratio: 0.0010936528065162243
  n_alphas: 86
  max_iter: 501
  tol: 1.2098130171110938e-06
seed: 42
cv_n_splits: 5
cv_n_repeats: 10
preprocessing_config:
  eps: 1.0e-06
  min_speed: 0.01
  max_hours: 9999.0
