model_type: coxnet
model_params:
  l1_ratio: 0.9566822550772914
  alpha_min_ratio: 0.08236410685755557
  n_alphas: 96
  max_iter: 15635
  tol: 2.019717078917101e-07
seed: 2023
cv_n_splits: 5
cv_n_repeats: 10
preprocessing_config:
  eps: 1.0e-06
  min_speed: 0.01
  max_hours: 9999.0
