model_type: gbsa
model_params:
  loss: coxph
  n_estimators: 222
  learning_rate: 0.039480841081777386
  subsample: 0.5662985800096122
  max_depth: 6
  max_features: sqrt
  max_leaf_nodes: null
  min_samples_split: 17
  min_samples_leaf: 8
  min_weight_fraction_leaf: 0.0
  min_impurity_decrease: 0.0447134194439894
  criterion: friedman_mse
  ccp_alpha: 0.0008532408195013374
  dropout_rate: 0.07952187247036259
  validation_fraction: 0.2242640652979639
  n_iter_no_change: 10
  tol: 0.0001477251437124105
  random_state: 1024
  warm_start: false
  verbose: 0
seed: 1024
cv_n_splits: 5
cv_n_repeats: 10
preprocessing_config:
  eps: 1.0e-06
  min_speed: 0.01
  max_hours: 9999.0
