model_type: coxnet
model_params:
  l1_ratio: 0.9843825243517585
  alpha_min_ratio: 0.08971542168703825
  n_alphas: 85
  max_iter: 12458
  tol: 3.141851062462558e-05
seed: 777
cv_n_splits: 5
cv_n_repeats: 10
preprocessing_config:
  eps: 1.0e-06
  min_speed: 0.01
  max_hours: 9999.0
