model_type: gbsa
model_params:
  loss: coxph
  n_estimators: 396
  learning_rate: 0.14780305815217692
  subsample: 0.7224928189889507
  max_depth: 1
  max_features: log2
  max_leaf_nodes: 31
  min_samples_split: 15
  min_samples_leaf: 14
  min_weight_fraction_leaf: 0.0
  min_impurity_decrease: 0.02405100363757437
  criterion: friedman_mse
  ccp_alpha: 1.337948349887338e-08
  dropout_rate: 0.003927381605258224
  validation_fraction: 0.14502446699124832
  n_iter_no_change: null
  tol: 3.335926540990061e-05
  random_state: 2023
  warm_start: false
  verbose: 0
seed: 2023
cv_n_splits: 5
cv_n_repeats: 10
preprocessing_config:
  eps: 1.0e-06
  min_speed: 0.01
  max_hours: 9999.0
