model_type: coxnet
model_params:
  l1_ratio: 0.8071111096383594
  alpha_min_ratio: 0.0009106086466154807
  n_alphas: 181
  max_iter: 4705
  tol: 2.519953331644825e-07
seed: 777
cv_n_splits: 5
cv_n_repeats: 10
preprocessing_config:
  eps: 1.0e-06
  min_speed: 0.01
  max_hours: 9999.0
