model_type: coxnet
model_params:
  l1_ratio: 0.8684182536902051
  alpha_min_ratio: 0.030471470179256024
  n_alphas: 71
  max_iter: 18395
  tol: 9.78270492929822e-06
seed: 2023
cv_n_splits: 5
cv_n_repeats: 10
preprocessing_config:
  eps: 1.0e-06
  min_speed: 0.01
  max_hours: 9999.0
