model_type: gbsa
model_params:
  loss: coxph
  n_estimators: 65
  learning_rate: 0.036690061027034766
  subsample: 0.888063068722772
  max_depth: 3
  max_features: 1.0
  max_leaf_nodes: null
  min_samples_split: 19
  min_samples_leaf: 6
  min_weight_fraction_leaf: 0.0
  min_impurity_decrease: 0.04200652489209594
  criterion: friedman_mse
  ccp_alpha: 0.003020825095899234
  dropout_rate: 0.10134220891459646
  validation_fraction: 0.22040706331339652
  n_iter_no_change: 5
  tol: 0.0006698137312098031
  random_state: 1024
  warm_start: false
  verbose: 0
seed: 1024
cv_n_splits: 5
cv_n_repeats: 10
preprocessing_config:
  eps: 1.0e-06
  min_speed: 0.01
  max_hours: 9999.0
