model_type: gbsa
model_params:
  loss: coxph
  n_estimators: 488
  learning_rate: 0.17329036873088127
  subsample: 0.7157453241490235
  max_depth: 6
  max_features: sqrt
  max_leaf_nodes: 63
  min_samples_split: 4
  min_samples_leaf: 13
  min_weight_fraction_leaf: 0.0
  min_impurity_decrease: 0.04973064950929777
  criterion: friedman_mse
  ccp_alpha: 0.08081441828060125
  dropout_rate: 0.10484204401078409
  validation_fraction: 0.22547740319283782
  n_iter_no_change: 20
  tol: 5.571365599484731e-05
  random_state: 42
  warm_start: false
  verbose: 0
seed: 42
cv_n_splits: 5
cv_n_repeats: 10
preprocessing_config:
  eps: 1.0e-06
  min_speed: 0.01
  max_hours: 9999.0
