seed: 42
cv_n_splits: 5
cv_n_repeats: 10
gbsa_config:
  loss: coxph
  n_estimators: 490
  learning_rate: 0.05226211188001407
  subsample: 0.8053834576709087
  max_depth: 3
  max_features: 0.3
  max_leaf_nodes: 8
  min_samples_split: 8
  min_samples_leaf: 11
  min_weight_fraction_leaf: 0.0
  min_impurity_decrease: 0.0320992199263108
  criterion: friedman_mse
  ccp_alpha: 3.624661104447225e-05
  dropout_rate: 0.047724097958027595
  validation_fraction: 0.18712405857908326
  n_iter_no_change: null
  tol: 0.0013477433776444144
  random_state: 42
  warm_start: false
  verbose: 0
preprocessing_config:
  eps: 1.0e-06
  min_speed: 0.01
  max_hours: 9999.0
