model_type: coxnet
model_params:
  l1_ratio: 0.9797227603266685
  alpha_min_ratio: 0.07913453798225273
  n_alphas: 53
  max_iter: 19704
  tol: 5.922353097712495e-07
seed: 777
cv_n_splits: 5
cv_n_repeats: 10
preprocessing_config:
  eps: 1.0e-06
  min_speed: 0.01
  max_hours: 9999.0
