model_type: coxnet
model_params:
  l1_ratio: 0.30735821371223804
  alpha_min_ratio: 0.033407878645987196
  n_alphas: 124
  max_iter: 11797
  tol: 8.279641528828027e-07
seed: 2023
cv_n_splits: 5
cv_n_repeats: 10
preprocessing_config:
  eps: 1.0e-06
  min_speed: 0.01
  max_hours: 9999.0
