model_type: gbsa
model_params:
  loss: coxph
  n_estimators: 395
  learning_rate: 0.1339562957232222
  subsample: 0.7699759910417923
  max_depth: 4
  max_features: 0.3
  max_leaf_nodes: 16
  min_samples_split: 16
  min_samples_leaf: 3
  min_weight_fraction_leaf: 0.0
  min_impurity_decrease: 0.030428432486335102
  criterion: friedman_mse
  ccp_alpha: 0.00031227224306007396
  dropout_rate: 0.032790949106770315
  validation_fraction: 0.22987276221149436
  n_iter_no_change: null
  tol: 0.001312859297795399
  random_state: 1024
  warm_start: false
  verbose: 0
seed: 1024
cv_n_splits: 5
cv_n_repeats: 10
preprocessing_config:
  eps: 1.0e-06
  min_speed: 0.01
  max_hours: 9999.0
