model_type: gbsa
model_params:
  loss: coxph
  n_estimators: 402
  learning_rate: 0.019620238639587895
  subsample: 0.5175103624431517
  max_depth: 5
  max_features: null
  max_leaf_nodes: null
  min_samples_split: 6
  min_samples_leaf: 14
  min_weight_fraction_leaf: 0.0
  min_impurity_decrease: 0.0065317111475758334
  criterion: friedman_mse
  ccp_alpha: 5.972580427829545e-06
  dropout_rate: 0.06147070829289455
  validation_fraction: 0.11500445806070089
  n_iter_no_change: null
  tol: 0.0003370629770936584
  random_state: 2023
  warm_start: false
  verbose: 0
seed: 2023
cv_n_splits: 5
cv_n_repeats: 10
preprocessing_config:
  eps: 1.0e-06
  min_speed: 0.01
  max_hours: 9999.0
