model_type: gbsa
model_params:
  loss: coxph
  n_estimators: 381
  learning_rate: 0.012377194733713123
  subsample: 0.611433123439353
  max_depth: 3
  max_features: 0.3
  max_leaf_nodes: null
  min_samples_split: 8
  min_samples_leaf: 19
  min_weight_fraction_leaf: 0.0
  min_impurity_decrease: 0.04890473838375184
  criterion: friedman_mse
  ccp_alpha: 0.006490216870225369
  dropout_rate: 0.13701954383532938
  validation_fraction: 0.17933433911067867
  n_iter_no_change: null
  tol: 0.00011792523665416823
  random_state: 2023
  warm_start: false
  verbose: 0
seed: 2023
cv_n_splits: 5
cv_n_repeats: 10
preprocessing_config:
  eps: 1.0e-06
  min_speed: 0.01
  max_hours: 9999.0
