model_type: gbsa
model_params:
  loss: coxph
  n_estimators: 75
  learning_rate: 0.11427719254552723
  subsample: 0.6099690199446722
  max_depth: 5
  max_features: 0.3
  max_leaf_nodes: 8
  min_samples_split: 15
  min_samples_leaf: 14
  min_weight_fraction_leaf: 0.0
  min_impurity_decrease: 0.016955985884086287
  criterion: friedman_mse
  ccp_alpha: 0.00014837516315948886
  dropout_rate: 0.133189786710959
  validation_fraction: 0.19041718222502801
  n_iter_no_change: 20
  tol: 1.8575800800973206e-05
  random_state: 777
  warm_start: false
  verbose: 0
seed: 777
cv_n_splits: 5
cv_n_repeats: 10
preprocessing_config:
  eps: 1.0e-06
  min_speed: 0.01
  max_hours: 9999.0
