model_type: coxnet
model_params:
  l1_ratio: 0.911321867056716
  alpha_min_ratio: 0.04182546397156938
  n_alphas: 201
  max_iter: 10341
  tol: 8.866211006827819e-07
seed: 2023
cv_n_splits: 5
cv_n_repeats: 10
preprocessing_config:
  eps: 1.0e-06
  min_speed: 0.01
  max_hours: 9999.0
