model_type: coxnet
model_params:
  l1_ratio: 0.8396429605998506
  alpha_min_ratio: 0.037167908754153885
  n_alphas: 189
  max_iter: 11681
  tol: 8.493657565674544e-06
seed: 777
cv_n_splits: 5
cv_n_repeats: 10
preprocessing_config:
  eps: 1.0e-06
  min_speed: 0.01
  max_hours: 9999.0
