model_type: coxnet
model_params:
  l1_ratio: 0.6624482473278073
  alpha_min_ratio: 0.0004248547995926458
  n_alphas: 73
  max_iter: 3681
  tol: 1.757789319041138e-05
seed: 2023
cv_n_splits: 5
cv_n_repeats: 10
preprocessing_config:
  eps: 1.0e-06
  min_speed: 0.01
  max_hours: 9999.0
