model_type: gbsa
model_params:
  loss: coxph
  n_estimators: 322
  learning_rate: 0.11341831833644286
  subsample: 0.799454324476232
  max_depth: 6
  max_features: sqrt
  max_leaf_nodes: 8
  min_samples_split: 3
  min_samples_leaf: 13
  min_weight_fraction_leaf: 0.0
  min_impurity_decrease: 0.03933938873232645
  criterion: friedman_mse
  ccp_alpha: 0.0003871496921934531
  dropout_rate: 0.009225728784347145
  validation_fraction: 0.28417121895053055
  n_iter_no_change: null
  tol: 0.00010741311706142606
  random_state: 777
  warm_start: false
  verbose: 0
seed: 777
cv_n_splits: 5
cv_n_repeats: 10
preprocessing_config:
  eps: 1.0e-06
  min_speed: 0.01
  max_hours: 9999.0
