model_type: coxnet
model_params:
  l1_ratio: 0.9189824176509347
  alpha_min_ratio: 0.08881808813677222
  n_alphas: 248
  max_iter: 11652
  tol: 3.630506092751765e-08
seed: 2023
cv_n_splits: 5
cv_n_repeats: 10
preprocessing_config:
  eps: 1.0e-06
  min_speed: 0.01
  max_hours: 9999.0
