model_type: gbsa
model_params:
  loss: coxph
  n_estimators: 302
  learning_rate: 0.18986633045187332
  subsample: 0.8512420675218569
  max_depth: 2
  max_features: 0.3
  max_leaf_nodes: 63
  min_samples_split: 14
  min_samples_leaf: 9
  min_weight_fraction_leaf: 0.0
  min_impurity_decrease: 0.048715473726837155
  criterion: friedman_mse
  ccp_alpha: 0.0008306352665579622
  dropout_rate: 0.024908759537593552
  validation_fraction: 0.23421858564700235
  n_iter_no_change: null
  tol: 0.0001853865024306648
  random_state: 1024
  warm_start: false
  verbose: 0
seed: 1024
cv_n_splits: 5
cv_n_repeats: 10
preprocessing_config:
  eps: 1.0e-06
  min_speed: 0.01
  max_hours: 9999.0
