model_type: coxnet
model_params:
  l1_ratio: 0.6640023778109523
  alpha_min_ratio: 0.07867606316258881
  n_alphas: 208
  max_iter: 5959
  tol: 3.2826951070527736e-08
seed: 2023
cv_n_splits: 5
cv_n_repeats: 10
preprocessing_config:
  eps: 1.0e-06
  min_speed: 0.01
  max_hours: 9999.0
