model_type: coxnet
model_params:
  l1_ratio: 0.943860369975704
  alpha_min_ratio: 0.07511177980514847
  n_alphas: 129
  max_iter: 15568
  tol: 2.9030872812233766e-07
seed: 1024
cv_n_splits: 5
cv_n_repeats: 10
preprocessing_config:
  eps: 1.0e-06
  min_speed: 0.01
  max_hours: 9999.0
