model_type: coxnet
model_params:
  l1_ratio: 0.8776894655685027
  alpha_min_ratio: 0.03517502600778915
  n_alphas: 259
  max_iter: 15195
  tol: 9.171067833150733e-05
seed: 1024
cv_n_splits: 5
cv_n_repeats: 10
preprocessing_config:
  eps: 1.0e-06
  min_speed: 0.01
  max_hours: 9999.0
