model_type: coxnet
model_params:
  l1_ratio: 0.8741458058050637
  alpha_min_ratio: 0.07382431781146125
  n_alphas: 230
  max_iter: 1420
  tol: 1.0068495839641194e-05
seed: 42
cv_n_splits: 5
cv_n_repeats: 10
preprocessing_config:
  eps: 1.0e-06
  min_speed: 0.01
  max_hours: 9999.0
