model_type: gbsa
model_params:
  loss: coxph
  n_estimators: 377
  learning_rate: 0.07245430186314653
  subsample: 0.5886671625011104
  max_depth: 2
  max_features: log2
  max_leaf_nodes: 31
  min_samples_split: 13
  min_samples_leaf: 5
  min_weight_fraction_leaf: 0.0
  min_impurity_decrease: 0.03638193272084474
  criterion: friedman_mse
  ccp_alpha: 5.824726069984119e-07
  dropout_rate: 0.006199494714608853
  validation_fraction: 0.19300205499068201
  n_iter_no_change: 5
  tol: 0.0023154206130716957
  random_state: 2023
  warm_start: false
  verbose: 0
seed: 2023
cv_n_splits: 5
cv_n_repeats: 10
preprocessing_config:
  eps: 1.0e-06
  min_speed: 0.01
  max_hours: 9999.0
