model_type: coxnet
model_params:
  l1_ratio: 0.7402884814626044
  alpha_min_ratio: 0.06136492629160999
  n_alphas: 244
  max_iter: 12109
  tol: 2.0310929969315977e-06
seed: 2023
cv_n_splits: 5
cv_n_repeats: 10
preprocessing_config:
  eps: 1.0e-06
  min_speed: 0.01
  max_hours: 9999.0
