model_type: coxnet
model_params:
  l1_ratio: 0.9502851287231862
  alpha_min_ratio: 0.07968306989399125
  n_alphas: 151
  max_iter: 10750
  tol: 1.0544762372970486e-06
seed: 2023
cv_n_splits: 5
cv_n_repeats: 10
preprocessing_config:
  eps: 1.0e-06
  min_speed: 0.01
  max_hours: 9999.0
