model_type: coxnet
model_params:
  l1_ratio: 0.9311230665230968
  alpha_min_ratio: 0.045921922522247166
  n_alphas: 55
  max_iter: 17389
  tol: 1.785819697134331e-05
seed: 2023
cv_n_splits: 5
cv_n_repeats: 10
preprocessing_config:
  eps: 1.0e-06
  min_speed: 0.01
  max_hours: 9999.0
