model_type: coxnet
model_params:
  l1_ratio: 0.8845547599833227
  alpha_min_ratio: 0.05520396194276962
  n_alphas: 202
  max_iter: 10748
  tol: 1.5300662012657897e-06
seed: 777
cv_n_splits: 5
cv_n_repeats: 10
preprocessing_config:
  eps: 1.0e-06
  min_speed: 0.01
  max_hours: 9999.0
