model_type: coxnet
model_params:
  l1_ratio: 0.3589232544757036
  alpha_min_ratio: 0.002757420175501715
  n_alphas: 283
  max_iter: 7709
  tol: 4.189383622758702e-07
seed: 777
cv_n_splits: 5
cv_n_repeats: 10
preprocessing_config:
  eps: 1.0e-06
  min_speed: 0.01
  max_hours: 9999.0
