model_type: coxnet
model_params:
  l1_ratio: 0.7277426094418694
  alpha_min_ratio: 0.02642467494541555
  n_alphas: 284
  max_iter: 8388
  tol: 8.187850321911641e-08
seed: 1024
cv_n_splits: 5
cv_n_repeats: 10
preprocessing_config:
  eps: 1.0e-06
  min_speed: 0.01
  max_hours: 9999.0
