model_type: coxnet
model_params:
  l1_ratio: 0.9771393900931389
  alpha_min_ratio: 0.091463632100817
  n_alphas: 264
  max_iter: 19572
  tol: 1.9916656762055446e-05
seed: 1024
cv_n_splits: 5
cv_n_repeats: 10
preprocessing_config:
  eps: 1.0e-06
  min_speed: 0.01
  max_hours: 9999.0
