model_type: coxnet
model_params:
  l1_ratio: 0.9666865796916565
  alpha_min_ratio: 0.03899500332764294
  n_alphas: 282
  max_iter: 616
  tol: 6.290522706030901e-06
seed: 42
cv_n_splits: 5
cv_n_repeats: 10
preprocessing_config:
  eps: 1.0e-06
  min_speed: 0.01
  max_hours: 9999.0
