model_type: gbsa
model_params:
  loss: coxph
  n_estimators: 398
  learning_rate: 0.17552893724310123
  subsample: 0.6094906242212946
  max_depth: 5
  max_features: 1.0
  max_leaf_nodes: 8
  min_samples_split: 8
  min_samples_leaf: 7
  min_weight_fraction_leaf: 0.0
  min_impurity_decrease: 0.037237821384509595
  criterion: friedman_mse
  ccp_alpha: 2.9177945271496626e-08
  dropout_rate: 0.046242388147744555
  validation_fraction: 0.2918526009508591
  n_iter_no_change: 5
  tol: 0.00019130321188789767
  random_state: 777
  warm_start: false
  verbose: 0
seed: 777
cv_n_splits: 5
cv_n_repeats: 10
preprocessing_config:
  eps: 1.0e-06
  min_speed: 0.01
  max_hours: 9999.0
