model_type: gbsa
model_params:
  loss: coxph
  n_estimators: 341
  learning_rate: 0.16726614139043539
  subsample: 0.8070003563236716
  max_depth: 2
  max_features: log2
  max_leaf_nodes: 16
  min_samples_split: 15
  min_samples_leaf: 7
  min_weight_fraction_leaf: 0.0
  min_impurity_decrease: 0.0459560071448229
  criterion: friedman_mse
  ccp_alpha: 0.06114423101358253
  dropout_rate: 0.017788593838757357
  validation_fraction: 0.2527402144359332
  n_iter_no_change: null
  tol: 0.00040387559771478277
  random_state: 777
  warm_start: false
  verbose: 0
seed: 777
cv_n_splits: 5
cv_n_repeats: 10
preprocessing_config:
  eps: 1.0e-06
  min_speed: 0.01
  max_hours: 9999.0
