model_type: coxnet
model_params:
  l1_ratio: 0.5648616489184735
  alpha_min_ratio: 0.0004077410862920868
  n_alphas: 130
  max_iter: 8155
  tol: 5.4477424478382664e-08
seed: 2023
cv_n_splits: 5
cv_n_repeats: 10
preprocessing_config:
  eps: 1.0e-06
  min_speed: 0.01
  max_hours: 9999.0
