seed: 42
cv_n_splits: 5
cv_n_repeats: 10
gbsa_config:
  loss: coxph
  n_estimators: 226
  learning_rate: 0.06405332130880094
  subsample: 0.6685725988209246
  max_depth: 6
  max_features: 1.0
  max_leaf_nodes: 16
  min_samples_split: 5
  min_samples_leaf: 11
  min_weight_fraction_leaf: 0.0
  min_impurity_decrease: 0.02429536828879069
  criterion: friedman_mse
  ccp_alpha: 1.7063593997949307e-05
  dropout_rate: 0.048191025612056765
  validation_fraction: 0.23543717286376256
  n_iter_no_change: null
  tol: 1.2820971857122831e-05
  random_state: 42
  warm_start: false
  verbose: 0
preprocessing_config:
  eps: 1.0e-06
  min_speed: 0.01
  max_hours: 9999.0
