model_type: coxnet
model_params:
  l1_ratio: 0.7770377017054064
  alpha_min_ratio: 0.026975353072723456
  n_alphas: 249
  max_iter: 19891
  tol: 4.433151730274406e-05
seed: 1024
cv_n_splits: 5
cv_n_repeats: 10
preprocessing_config:
  eps: 1.0e-06
  min_speed: 0.01
  max_hours: 9999.0
