model_type: coxnet
model_params:
  l1_ratio: 0.760159713202054
  alpha_min_ratio: 0.020525451210255233
  n_alphas: 199
  max_iter: 16041
  tol: 1.743224072870939e-05
seed: 2023
cv_n_splits: 5
cv_n_repeats: 10
preprocessing_config:
  eps: 1.0e-06
  min_speed: 0.01
  max_hours: 9999.0
