model_type: coxnet
model_params:
  l1_ratio: 0.8546181985051827
  alpha_min_ratio: 0.04009014585790053
  n_alphas: 232
  max_iter: 14391
  tol: 5.439663557002635e-07
seed: 2023
cv_n_splits: 5
cv_n_repeats: 10
preprocessing_config:
  eps: 1.0e-06
  min_speed: 0.01
  max_hours: 9999.0
