model_type: gbsa
model_params:
  loss: coxph
  n_estimators: 461
  learning_rate: 0.17032526504082401
  subsample: 0.5177153197913394
  max_depth: 1
  max_features: sqrt
  max_leaf_nodes: 8
  min_samples_split: 16
  min_samples_leaf: 9
  min_weight_fraction_leaf: 0.0
  min_impurity_decrease: 0.017725913345593394
  criterion: friedman_mse
  ccp_alpha: 3.713870042778798e-07
  dropout_rate: 0.025615217204692193
  validation_fraction: 0.2113668275096481
  n_iter_no_change: null
  tol: 0.00014372502083771424
  random_state: 2023
  warm_start: false
  verbose: 0
seed: 2023
cv_n_splits: 5
cv_n_repeats: 10
preprocessing_config:
  eps: 1.0e-06
  min_speed: 0.01
  max_hours: 9999.0
