model_type: gbsa
model_params:
  loss: coxph
  n_estimators: 63
  learning_rate: 0.06412975117312425
  subsample: 0.6091453834751126
  max_depth: 4
  max_features: 0.7
  max_leaf_nodes: 31
  min_samples_split: 13
  min_samples_leaf: 15
  min_weight_fraction_leaf: 0.0
  min_impurity_decrease: 0.048273152219300675
  criterion: friedman_mse
  ccp_alpha: 9.852118001882007e-05
  dropout_rate: 0.05312860917525341
  validation_fraction: 0.24557078510676275
  n_iter_no_change: null
  tol: 0.0004590241923740466
  random_state: 1024
  warm_start: false
  verbose: 0
seed: 1024
cv_n_splits: 5
cv_n_repeats: 10
preprocessing_config:
  eps: 1.0e-06
  min_speed: 0.01
  max_hours: 9999.0
