model_type: gbsa
model_params:
  loss: coxph
  n_estimators: 296
  learning_rate: 0.09134978690370008
  subsample: 0.7322667447658702
  max_depth: 4
  max_features: 0.5
  max_leaf_nodes: 8
  min_samples_split: 18
  min_samples_leaf: 1
  min_weight_fraction_leaf: 0.0
  min_impurity_decrease: 0.03921432342934353
  criterion: friedman_mse
  ccp_alpha: 0.01177767395013636
  dropout_rate: 0.013048548915405488
  validation_fraction: 0.19975906114435407
  n_iter_no_change: null
  tol: 1.3245808395983054e-05
  random_state: 777
  warm_start: false
  verbose: 0
seed: 777
cv_n_splits: 5
cv_n_repeats: 10
preprocessing_config:
  eps: 1.0e-06
  min_speed: 0.01
  max_hours: 9999.0
