model_type: coxnet
model_params:
  l1_ratio: 0.9372234193859439
  alpha_min_ratio: 0.060533878292821315
  n_alphas: 136
  max_iter: 1356
  tol: 3.640579358030385e-08
seed: 42
cv_n_splits: 5
cv_n_repeats: 10
preprocessing_config:
  eps: 1.0e-06
  min_speed: 0.01
  max_hours: 9999.0
