model_type: gbsa
model_params:
  loss: coxph
  n_estimators: 498
  learning_rate: 0.1464343683035699
  subsample: 0.5903372368951012
  max_depth: 2
  max_features: 0.3
  max_leaf_nodes: 31
  min_samples_split: 16
  min_samples_leaf: 20
  min_weight_fraction_leaf: 0.0
  min_impurity_decrease: 0.01474189833145216
  criterion: friedman_mse
  ccp_alpha: 0.0011325550475512706
  dropout_rate: 0.13063194749318024
  validation_fraction: 0.11201630691329052
  n_iter_no_change: null
  tol: 0.0005928185480008834
  random_state: 2023
  warm_start: false
  verbose: 0
seed: 2023
cv_n_splits: 5
cv_n_repeats: 10
preprocessing_config:
  eps: 1.0e-06
  min_speed: 0.01
  max_hours: 9999.0
