model_type: gbsa
model_params:
  loss: coxph
  n_estimators: 123
  learning_rate: 0.043543463185362674
  subsample: 0.6120535278821428
  max_depth: 2
  max_features: sqrt
  max_leaf_nodes: 16
  min_samples_split: 14
  min_samples_leaf: 6
  min_weight_fraction_leaf: 0.0
  min_impurity_decrease: 0.03875044881737307
  criterion: friedman_mse
  ccp_alpha: 0.0017714969763719254
  dropout_rate: 0.011252456973664804
  validation_fraction: 0.21408364633380056
  n_iter_no_change: null
  tol: 0.0031248761530336404
  random_state: 777
  warm_start: false
  verbose: 0
seed: 777
cv_n_splits: 5
cv_n_repeats: 10
preprocessing_config:
  eps: 1.0e-06
  min_speed: 0.01
  max_hours: 9999.0
