model_type: coxnet
model_params:
  l1_ratio: 0.974363219052061
  alpha_min_ratio: 0.08854146417983398
  n_alphas: 78
  max_iter: 13752
  tol: 2.6490284497833856e-07
seed: 777
cv_n_splits: 5
cv_n_repeats: 10
preprocessing_config:
  eps: 1.0e-06
  min_speed: 0.01
  max_hours: 9999.0
