model_type: coxnet
model_params:
  l1_ratio: 0.9322647638944538
  alpha_min_ratio: 0.05647586616457502
  n_alphas: 265
  max_iter: 1895
  tol: 1.3126900501127952e-05
seed: 42
cv_n_splits: 5
cv_n_repeats: 10
preprocessing_config:
  eps: 1.0e-06
  min_speed: 0.01
  max_hours: 9999.0
