model_type: coxnet
model_params:
  l1_ratio: 0.8384176124605288
  alpha_min_ratio: 0.0939020297750478
  n_alphas: 257
  max_iter: 18798
  tol: 1.0555012320158104e-08
seed: 2023
cv_n_splits: 5
cv_n_repeats: 10
preprocessing_config:
  eps: 1.0e-06
  min_speed: 0.01
  max_hours: 9999.0
