model_type: coxnet
model_params:
  l1_ratio: 0.15033405504688463
  alpha_min_ratio: 0.06113470211302015
  n_alphas: 139
  max_iter: 7109
  tol: 9.788003319267505e-08
seed: 777
cv_n_splits: 5
cv_n_repeats: 10
preprocessing_config:
  eps: 1.0e-06
  min_speed: 0.01
  max_hours: 9999.0
