model_type: gbsa
model_params:
  loss: coxph
  n_estimators: 385
  learning_rate: 0.08245936445564421
  subsample: 0.5000334304967217
  max_depth: 6
  max_features: log2
  max_leaf_nodes: 16
  min_samples_split: 3
  min_samples_leaf: 19
  min_weight_fraction_leaf: 0.0
  min_impurity_decrease: 0.0350392416500022
  criterion: friedman_mse
  ccp_alpha: 4.735751286525801e-05
  dropout_rate: 0.08251812508009845
  validation_fraction: 0.11008926508361142
  n_iter_no_change: null
  tol: 0.004121987416881741
  random_state: 2023
  warm_start: false
  verbose: 0
seed: 2023
cv_n_splits: 5
cv_n_repeats: 10
preprocessing_config:
  eps: 1.0e-06
  min_speed: 0.01
  max_hours: 9999.0
