seed: 42
cv_n_splits: 5
cv_n_repeats: 10
gbsa_config:
  loss: coxph
  n_estimators: 444
  learning_rate: 0.03926543963336719
  subsample: 0.6419942940530624
  max_depth: 5
  max_features: null
  max_leaf_nodes: null
  min_samples_split: 6
  min_samples_leaf: 4
  min_weight_fraction_leaf: 0.0
  min_impurity_decrease: 0.032321936499969575
  criterion: friedman_mse
  ccp_alpha: 1.2127439572029847e-05
  dropout_rate: 0.09392274401444249
  validation_fraction: 0.13273564631975573
  n_iter_no_change: 10
  tol: 0.0016635327847009955
  random_state: 42
  warm_start: false
  verbose: 0
preprocessing_config:
  eps: 1.0e-06
  min_speed: 0.01
  max_hours: 9999.0
