model_type: coxnet
model_params:
  l1_ratio: 0.038220500877943486
  alpha_min_ratio: 0.09514745498470657
  n_alphas: 122
  max_iter: 250
  tol: 1.8639607107898722e-05
seed: 42
cv_n_splits: 5
cv_n_repeats: 10
preprocessing_config:
  eps: 1.0e-06
  min_speed: 0.01
  max_hours: 9999.0
