model_type: coxnet
model_params:
  l1_ratio: 0.8061254525671259
  alpha_min_ratio: 0.050662743000842114
  n_alphas: 180
  max_iter: 9785
  tol: 1.5707839878103716e-07
seed: 2023
cv_n_splits: 5
cv_n_repeats: 10
preprocessing_config:
  eps: 1.0e-06
  min_speed: 0.01
  max_hours: 9999.0
