model_type: coxnet
model_params:
  l1_ratio: 0.9486625567177311
  alpha_min_ratio: 0.0954774240429254
  n_alphas: 261
  max_iter: 16754
  tol: 3.7091476635733426e-05
seed: 1024
cv_n_splits: 5
cv_n_repeats: 10
preprocessing_config:
  eps: 1.0e-06
  min_speed: 0.01
  max_hours: 9999.0
