model_type: coxnet
model_params:
  l1_ratio: 0.8096496263448956
  alpha_min_ratio: 0.04952449071432784
  n_alphas: 120
  max_iter: 16299
  tol: 3.53129380036824e-07
seed: 2023
cv_n_splits: 5
cv_n_repeats: 10
preprocessing_config:
  eps: 1.0e-06
  min_speed: 0.01
  max_hours: 9999.0
