model_type: gbsa
model_params:
  loss: coxph
  n_estimators: 257
  learning_rate: 0.15103816564379147
  subsample: 0.7075138942373346
  max_depth: 3
  max_features: 0.5
  max_leaf_nodes: 8
  min_samples_split: 10
  min_samples_leaf: 12
  min_weight_fraction_leaf: 0.0
  min_impurity_decrease: 0.023640588503046227
  criterion: friedman_mse
  ccp_alpha: 0.0009365622786855676
  dropout_rate: 0.0294507236201567
  validation_fraction: 0.18248062626040146
  n_iter_no_change: null
  tol: 3.575800160750175e-05
  random_state: 777
  warm_start: false
  verbose: 0
seed: 777
cv_n_splits: 5
cv_n_repeats: 10
preprocessing_config:
  eps: 1.0e-06
  min_speed: 0.01
  max_hours: 9999.0
