model_type: coxnet
model_params:
  l1_ratio: 0.9510568002818821
  alpha_min_ratio: 0.08117602810987738
  n_alphas: 244
  max_iter: 1514
  tol: 8.696502935616252e-06
seed: 42
cv_n_splits: 5
cv_n_repeats: 10
preprocessing_config:
  eps: 1.0e-06
  min_speed: 0.01
  max_hours: 9999.0
