model_type: coxnet
model_params:
  l1_ratio: 0.9954755097952427
  alpha_min_ratio: 0.009361652717785942
  n_alphas: 258
  max_iter: 17316
  tol: 4.575072026272829e-06
seed: 1024
cv_n_splits: 5
cv_n_repeats: 10
preprocessing_config:
  eps: 1.0e-06
  min_speed: 0.01
  max_hours: 9999.0
