model_type: gbsa
model_params:
  loss: coxph
  n_estimators: 261
  learning_rate: 0.0208209887678648
  subsample: 0.7651228046847379
  max_depth: 6
  max_features: 0.5
  max_leaf_nodes: null
  min_samples_split: 3
  min_samples_leaf: 16
  min_weight_fraction_leaf: 0.0
  min_impurity_decrease: 0.0393665120129606
  criterion: friedman_mse
  ccp_alpha: 2.940350899739822e-05
  dropout_rate: 0.028766269152120074
  validation_fraction: 0.288543385361107
  n_iter_no_change: null
  tol: 2.9425435335469588e-05
  random_state: 777
  warm_start: false
  verbose: 0
seed: 777
cv_n_splits: 5
cv_n_repeats: 10
preprocessing_config:
  eps: 1.0e-06
  min_speed: 0.01
  max_hours: 9999.0
