model_type: coxnet
model_params:
  l1_ratio: 0.7598961052370944
  alpha_min_ratio: 0.09923343934605545
  n_alphas: 291
  max_iter: 13270
  tol: 8.556730918035986e-07
seed: 42
cv_n_splits: 5
cv_n_repeats: 10
preprocessing_config:
  eps: 1.0e-06
  min_speed: 0.01
  max_hours: 9999.0
