model_type: coxnet
model_params:
  l1_ratio: 0.003678180259102215
  alpha_min_ratio: 0.013705125998219502
  n_alphas: 125
  max_iter: 16967
  tol: 3.276730099764327e-06
seed: 777
cv_n_splits: 5
cv_n_repeats: 10
preprocessing_config:
  eps: 1.0e-06
  min_speed: 0.01
  max_hours: 9999.0
