model_type: coxnet
model_params:
  l1_ratio: 0.9936545947196787
  alpha_min_ratio: 0.08987522742453757
  n_alphas: 286
  max_iter: 17180
  tol: 5.995599271172399e-06
seed: 42
cv_n_splits: 5
cv_n_repeats: 10
preprocessing_config:
  eps: 1.0e-06
  min_speed: 0.01
  max_hours: 9999.0
