model_type: coxnet
model_params:
  l1_ratio: 0.06292299232685106
  alpha_min_ratio: 0.0005496734464237147
  n_alphas: 78
  max_iter: 15983
  tol: 9.542359338328736e-07
seed: 777
cv_n_splits: 5
cv_n_repeats: 10
preprocessing_config:
  eps: 1.0e-06
  min_speed: 0.01
  max_hours: 9999.0
