model_type: gbsa
model_params:
  loss: coxph
  n_estimators: 421
  learning_rate: 0.16616261289787454
  subsample: 0.5718003934502913
  max_depth: 1
  max_features: log2
  max_leaf_nodes: 31
  min_samples_split: 10
  min_samples_leaf: 19
  min_weight_fraction_leaf: 0.0
  min_impurity_decrease: 0.028103005810339178
  criterion: friedman_mse
  ccp_alpha: 0.00013314589483103838
  dropout_rate: 0.1343937985834233
  validation_fraction: 0.2208471014752696
  n_iter_no_change: 5
  tol: 0.0019638498550459097
  random_state: 2023
  warm_start: false
  verbose: 0
seed: 2023
cv_n_splits: 5
cv_n_repeats: 10
preprocessing_config:
  eps: 1.0e-06
  min_speed: 0.01
  max_hours: 9999.0
