model_type: coxnet
model_params:
  l1_ratio: 0.8689710620845735
  alpha_min_ratio: 0.013927204034738148
  n_alphas: 221
  max_iter: 16558
  tol: 1.2146097638458515e-05
seed: 42
cv_n_splits: 5
cv_n_repeats: 10
preprocessing_config:
  eps: 1.0e-06
  min_speed: 0.01
  max_hours: 9999.0
