model_type: gbsa
model_params:
  loss: coxph
  n_estimators: 393
  learning_rate: 0.04524164406275547
  subsample: 0.7442684302991313
  max_depth: 2
  max_features: log2
  max_leaf_nodes: null
  min_samples_split: 14
  min_samples_leaf: 2
  min_weight_fraction_leaf: 0.0
  min_impurity_decrease: 0.004645576749981236
  criterion: friedman_mse
  ccp_alpha: 0.0007817353053376839
  dropout_rate: 0.078792985965942
  validation_fraction: 0.24844874985140808
  n_iter_no_change: 10
  tol: 0.0003173898947116777
  random_state: 2023
  warm_start: false
  verbose: 0
seed: 2023
cv_n_splits: 5
cv_n_repeats: 10
preprocessing_config:
  eps: 1.0e-06
  min_speed: 0.01
  max_hours: 9999.0
