model_type: gbsa
model_params:
  loss: coxph
  n_estimators: 440
  learning_rate: 0.1993657546507271
  subsample: 0.895520013887492
  max_depth: 3
  max_features: 0.3
  max_leaf_nodes: null
  min_samples_split: 9
  min_samples_leaf: 6
  min_weight_fraction_leaf: 0.0
  min_impurity_decrease: 0.041174139634607115
  criterion: friedman_mse
  ccp_alpha: 1.0399629863873328e-05
  dropout_rate: 0.0218916237033951
  validation_fraction: 0.21842863531467763
  n_iter_no_change: null
  tol: 0.00037608336898278626
  random_state: 1024
  warm_start: false
  verbose: 0
seed: 1024
cv_n_splits: 5
cv_n_repeats: 10
preprocessing_config:
  eps: 1.0e-06
  min_speed: 0.01
  max_hours: 9999.0
