seed: 42
cv_n_splits: 5
cv_n_repeats: 10
gbsa_config:
  loss: coxph
  n_estimators: 482
  learning_rate: 0.024494214760856076
  subsample: 0.5411211047802955
  max_depth: 4
  max_features: 0.7
  max_leaf_nodes: null
  min_samples_split: 2
  min_samples_leaf: 15
  min_weight_fraction_leaf: 0.0
  min_impurity_decrease: 0.01704324609745644
  criterion: friedman_mse
  ccp_alpha: 0.0529941787701239
  dropout_rate: 0.010045510514633833
  validation_fraction: 0.2549948637992427
  n_iter_no_change: null
  tol: 5.5316228535101396e-05
  random_state: 42
  warm_start: false
  verbose: 0
preprocessing_config:
  eps: 1.0e-06
  min_speed: 0.01
  max_hours: 9999.0
