model_type: gbsa
model_params:
  loss: coxph
  n_estimators: 190
  learning_rate: 0.10992499714017794
  subsample: 0.9066545931385105
  max_depth: 1
  max_features: log2
  max_leaf_nodes: null
  min_samples_split: 19
  min_samples_leaf: 3
  min_weight_fraction_leaf: 0.0
  min_impurity_decrease: 0.011380784307184293
  criterion: friedman_mse
  ccp_alpha: 4.912823843757858e-05
  dropout_rate: 0.03129454317988809
  validation_fraction: 0.258247644780711
  n_iter_no_change: null
  tol: 0.006911791891142273
  random_state: 1024
  warm_start: false
  verbose: 0
seed: 1024
cv_n_splits: 5
cv_n_repeats: 10
preprocessing_config:
  eps: 1.0e-06
  min_speed: 0.01
  max_hours: 9999.0
