seed: 42
cv_n_splits: 5
cv_n_repeats: 10
gbsa_config:
  loss: coxph
  n_estimators: 179
  learning_rate: 0.056517831172251426
  subsample: 0.9312141832176808
  max_depth: 6
  max_features: 0.5
  max_leaf_nodes: null
  min_samples_split: 12
  min_samples_leaf: 8
  min_weight_fraction_leaf: 0.0
  min_impurity_decrease: 0.0138908034055774
  criterion: friedman_mse
  ccp_alpha: 1.0906026859969895e-05
  dropout_rate: 0.0805752276192673
  validation_fraction: 0.2819828599478748
  n_iter_no_change: null
  tol: 0.0004135215580327649
  random_state: 42
  warm_start: false
  verbose: 0
preprocessing_config:
  eps: 1.0e-06
  min_speed: 0.01
  max_hours: 9999.0
