model_type: gbsa
model_params:
  loss: coxph
  n_estimators: 205
  learning_rate: 0.09487866190157396
  subsample: 0.6366069969464754
  max_depth: 1
  max_features: 0.5
  max_leaf_nodes: 31
  min_samples_split: 18
  min_samples_leaf: 2
  min_weight_fraction_leaf: 0.0
  min_impurity_decrease: 0.043292408090529165
  criterion: friedman_mse
  ccp_alpha: 0.04838990252997484
  dropout_rate: 0.028314317273578252
  validation_fraction: 0.27697392730628273
  n_iter_no_change: null
  tol: 0.004382628273733022
  random_state: 777
  warm_start: false
  verbose: 0
seed: 777
cv_n_splits: 5
cv_n_repeats: 10
preprocessing_config:
  eps: 1.0e-06
  min_speed: 0.01
  max_hours: 9999.0
