model_type: coxnet
model_params:
  l1_ratio: 0.9373988813102012
  alpha_min_ratio: 0.06825246625014843
  n_alphas: 288
  max_iter: 14730
  tol: 2.221789359616208e-06
seed: 42
cv_n_splits: 5
cv_n_repeats: 10
preprocessing_config:
  eps: 1.0e-06
  min_speed: 0.01
  max_hours: 9999.0
