seed: 42
cv_n_splits: 5
cv_n_repeats: 10
gbsa_config:
  loss: coxph
  n_estimators: 339
  learning_rate: 0.12733832660526348
  subsample: 0.569084910016367
  max_depth: 4
  max_features: 0.3
  max_leaf_nodes: null
  min_samples_split: 6
  min_samples_leaf: 4
  min_weight_fraction_leaf: 0.0
  min_impurity_decrease: 0.03490252765081687
  criterion: friedman_mse
  ccp_alpha: 0.035907982978542016
  dropout_rate: 0.09011564438721623
  validation_fraction: 0.2617816713027558
  n_iter_no_change: 5
  tol: 2.0000424938242453e-05
  random_state: 42
  warm_start: false
  verbose: 0
preprocessing_config:
  eps: 1.0e-06
  min_speed: 0.01
  max_hours: 9999.0
