model_type: coxnet
model_params:
  l1_ratio: 0.0037547574887702995
  alpha_min_ratio: 0.015881359101885595
  n_alphas: 111
  max_iter: 7844
  tol: 3.8409843773884175e-07
seed: 1024
cv_n_splits: 5
cv_n_repeats: 10
preprocessing_config:
  eps: 1.0e-06
  min_speed: 0.01
  max_hours: 9999.0
