model_type: coxnet
model_params:
  l1_ratio: 0.99008020745646
  alpha_min_ratio: 0.04584649708117797
  n_alphas: 245
  max_iter: 1754
  tol: 9.595458212645257e-05
seed: 42
cv_n_splits: 5
cv_n_repeats: 10
preprocessing_config:
  eps: 1.0e-06
  min_speed: 0.01
  max_hours: 9999.0
