model_type: gbsa
model_params:
  loss: coxph
  n_estimators: 425
  learning_rate: 0.19855843726576425
  subsample: 0.6973201733825256
  max_depth: 4
  max_features: 0.5
  max_leaf_nodes: 8
  min_samples_split: 6
  min_samples_leaf: 17
  min_weight_fraction_leaf: 0.0
  min_impurity_decrease: 0.03977750308293525
  criterion: friedman_mse
  ccp_alpha: 0.025667824294673625
  dropout_rate: 0.07046775514456663
  validation_fraction: 0.263414881819168
  n_iter_no_change: 10
  tol: 0.00022344882746329415
  random_state: 777
  warm_start: false
  verbose: 0
seed: 777
cv_n_splits: 5
cv_n_repeats: 10
preprocessing_config:
  eps: 1.0e-06
  min_speed: 0.01
  max_hours: 9999.0
