model_type: coxnet
model_params:
  l1_ratio: 0.8246010319767488
  alpha_min_ratio: 0.019534490289131946
  n_alphas: 237
  max_iter: 10763
  tol: 5.777550837112061e-07
seed: 42
cv_n_splits: 5
cv_n_repeats: 10
preprocessing_config:
  eps: 1.0e-06
  min_speed: 0.01
  max_hours: 9999.0
