model_type: coxnet
model_params:
  l1_ratio: 0.9060239404166375
  alpha_min_ratio: 0.0856544094294444
  n_alphas: 84
  max_iter: 18477
  tol: 1.024868636024186e-06
seed: 777
cv_n_splits: 5
cv_n_repeats: 10
preprocessing_config:
  eps: 1.0e-06
  min_speed: 0.01
  max_hours: 9999.0
