model_type: gbsa
model_params:
  loss: coxph
  n_estimators: 443
  learning_rate: 0.18331523345442152
  subsample: 0.629065857638213
  max_depth: 3
  max_features: null
  max_leaf_nodes: null
  min_samples_split: 7
  min_samples_leaf: 20
  min_weight_fraction_leaf: 0.0
  min_impurity_decrease: 0.0003652655162300657
  criterion: friedman_mse
  ccp_alpha: 0.004041444200749664
  dropout_rate: 0.19534340895729646
  validation_fraction: 0.12926566456536576
  n_iter_no_change: null
  tol: 3.988672815419595e-05
  random_state: 42
  warm_start: false
  verbose: 0
seed: 42
cv_n_splits: 5
cv_n_repeats: 10
preprocessing_config:
  eps: 1.0e-06
  min_speed: 0.01
  max_hours: 9999.0
