model_type: coxnet
model_params:
  l1_ratio: 0.9703521203562535
  alpha_min_ratio: 0.09117915823264401
  n_alphas: 300
  max_iter: 9900
  tol: 5.953436178697411e-05
seed: 1024
cv_n_splits: 5
cv_n_repeats: 10
preprocessing_config:
  eps: 1.0e-06
  min_speed: 0.01
  max_hours: 9999.0
