model_type: coxnet
model_params:
  l1_ratio: 0.6956695728807063
  alpha_min_ratio: 0.014726095700207753
  n_alphas: 251
  max_iter: 1675
  tol: 1.0826435636063484e-05
seed: 42
cv_n_splits: 5
cv_n_repeats: 10
preprocessing_config:
  eps: 1.0e-06
  min_speed: 0.01
  max_hours: 9999.0
