model_type: coxnet
model_params:
  l1_ratio: 0.9234653668090812
  alpha_min_ratio: 0.042896332269155034
  n_alphas: 78
  max_iter: 12672
  tol: 5.196320430232494e-06
seed: 777
cv_n_splits: 5
cv_n_repeats: 10
preprocessing_config:
  eps: 1.0e-06
  min_speed: 0.01
  max_hours: 9999.0
