model_type: coxnet
model_params:
  l1_ratio: 0.9038017600473819
  alpha_min_ratio: 0.09745210275215259
  n_alphas: 244
  max_iter: 15337
  tol: 7.249567626553738e-08
seed: 2023
cv_n_splits: 5
cv_n_repeats: 10
preprocessing_config:
  eps: 1.0e-06
  min_speed: 0.01
  max_hours: 9999.0
