model_type: coxnet
model_params:
  l1_ratio: 0.9923699512536328
  alpha_min_ratio: 0.04701847532116226
  n_alphas: 235
  max_iter: 19826
  tol: 2.1503618152143653e-05
seed: 42
cv_n_splits: 5
cv_n_repeats: 10
preprocessing_config:
  eps: 1.0e-06
  min_speed: 0.01
  max_hours: 9999.0
