model_type: coxnet
model_params:
  l1_ratio: 0.9967965003759127
  alpha_min_ratio: 0.031194531872830125
  n_alphas: 183
  max_iter: 12399
  tol: 2.91165388718075e-05
seed: 42
cv_n_splits: 5
cv_n_repeats: 10
preprocessing_config:
  eps: 1.0e-06
  min_speed: 0.01
  max_hours: 9999.0
