model_type: coxnet
model_params:
  l1_ratio: 0.1769501890730681
  alpha_min_ratio: 0.00032676448063292376
  n_alphas: 238
  max_iter: 6680
  tol: 1.3689669925088268e-08
seed: 2023
cv_n_splits: 5
cv_n_repeats: 10
preprocessing_config:
  eps: 1.0e-06
  min_speed: 0.01
  max_hours: 9999.0
