model_type: gbsa
model_params:
  loss: coxph
  n_estimators: 377
  learning_rate: 0.02366004572338295
  subsample: 0.9736214902770055
  max_depth: 6
  max_features: 1.0
  max_leaf_nodes: 8
  min_samples_split: 8
  min_samples_leaf: 10
  min_weight_fraction_leaf: 0.0
  min_impurity_decrease: 4.194615310386309e-05
  criterion: friedman_mse
  ccp_alpha: 0.007006166864834209
  dropout_rate: 0.07173103042383819
  validation_fraction: 0.27667099640820425
  n_iter_no_change: 10
  tol: 1.1278588566649237e-05
  random_state: 42
  warm_start: false
  verbose: 0
seed: 42
cv_n_splits: 5
cv_n_repeats: 10
preprocessing_config:
  eps: 1.0e-06
  min_speed: 0.01
  max_hours: 9999.0
