model_type: gbsa
model_params:
  loss: coxph
  n_estimators: 354
  learning_rate: 0.030789159376098236
  subsample: 0.6265027418896193
  max_depth: 6
  max_features: null
  max_leaf_nodes: null
  min_samples_split: 10
  min_samples_leaf: 15
  min_weight_fraction_leaf: 0.0
  min_impurity_decrease: 0.03551261241099045
  criterion: friedman_mse
  ccp_alpha: 1.8892735624542738e-07
  dropout_rate: 0.007943858748547687
  validation_fraction: 0.17834177695651982
  n_iter_no_change: null
  tol: 0.0007058393054368197
  random_state: 42
  warm_start: false
  verbose: 0
seed: 42
cv_n_splits: 5
cv_n_repeats: 10
preprocessing_config:
  eps: 1.0e-06
  min_speed: 0.01
  max_hours: 9999.0
