model_type: coxnet
model_params:
  l1_ratio: 0.8866108298701237
  alpha_min_ratio: 0.06182086040252496
  n_alphas: 156
  max_iter: 12318
  tol: 1.4941885088810288e-08
seed: 2023
cv_n_splits: 5
cv_n_repeats: 10
preprocessing_config:
  eps: 1.0e-06
  min_speed: 0.01
  max_hours: 9999.0
