model_type: coxnet
model_params:
  l1_ratio: 0.7731984080331235
  alpha_min_ratio: 0.08148604582606817
  n_alphas: 206
  max_iter: 15295
  tol: 1.0254785508590995e-05
seed: 1024
cv_n_splits: 5
cv_n_repeats: 10
preprocessing_config:
  eps: 1.0e-06
  min_speed: 0.01
  max_hours: 9999.0
