model_type: gbsa
model_params:
  loss: coxph
  n_estimators: 125
  learning_rate: 0.07267807491706632
  subsample: 0.8397876230916609
  max_depth: 3
  max_features: 0.5
  max_leaf_nodes: 31
  min_samples_split: 20
  min_samples_leaf: 14
  min_weight_fraction_leaf: 0.0
  min_impurity_decrease: 0.04524682435973425
  criterion: friedman_mse
  ccp_alpha: 2.8020546147967345e-05
  dropout_rate: 0.1440085138133763
  validation_fraction: 0.29383351333481544
  n_iter_no_change: 20
  tol: 0.0006058316726254057
  random_state: 1024
  warm_start: false
  verbose: 0
seed: 1024
cv_n_splits: 5
cv_n_repeats: 10
preprocessing_config:
  eps: 1.0e-06
  min_speed: 0.01
  max_hours: 9999.0
