model_type: coxnet
model_params:
  l1_ratio: 0.9473189757420356
  alpha_min_ratio: 0.07501720557870911
  n_alphas: 100
  max_iter: 15453
  tol: 1.2600919185286655e-07
seed: 1024
cv_n_splits: 5
cv_n_repeats: 10
preprocessing_config:
  eps: 1.0e-06
  min_speed: 0.01
  max_hours: 9999.0
