model_type: coxnet
model_params:
  l1_ratio: 0.91445265929817
  alpha_min_ratio: 0.005692976996128485
  n_alphas: 289
  max_iter: 18283
  tol: 2.4838344138617433e-07
seed: 2023
cv_n_splits: 5
cv_n_repeats: 10
preprocessing_config:
  eps: 1.0e-06
  min_speed: 0.01
  max_hours: 9999.0
