model_type: coxnet
model_params:
  l1_ratio: 0.664364586547009
  alpha_min_ratio: 0.09923457393411916
  n_alphas: 61
  max_iter: 1240
  tol: 1.6372246067507664e-08
seed: 42
cv_n_splits: 5
cv_n_repeats: 10
preprocessing_config:
  eps: 1.0e-06
  min_speed: 0.01
  max_hours: 9999.0
