model_type: coxnet
model_params:
  l1_ratio: 0.825739044462422
  alpha_min_ratio: 0.038318807228429036
  n_alphas: 76
  max_iter: 14377
  tol: 1.2700502624230374e-08
seed: 777
cv_n_splits: 5
cv_n_repeats: 10
preprocessing_config:
  eps: 1.0e-06
  min_speed: 0.01
  max_hours: 9999.0
