model_type: coxnet
model_params:
  l1_ratio: 0.9578558214594476
  alpha_min_ratio: 0.010114864419990507
  n_alphas: 283
  max_iter: 943
  tol: 3.4132368190597095e-05
seed: 42
cv_n_splits: 5
cv_n_repeats: 10
preprocessing_config:
  eps: 1.0e-06
  min_speed: 0.01
  max_hours: 9999.0
