model_type: coxnet
model_params:
  l1_ratio: 0.8864265546835136
  alpha_min_ratio: 0.04466638625726352
  n_alphas: 282
  max_iter: 506
  tol: 4.87219383113042e-05
seed: 42
cv_n_splits: 5
cv_n_repeats: 10
preprocessing_config:
  eps: 1.0e-06
  min_speed: 0.01
  max_hours: 9999.0
