model_type: gbsa
model_params:
  loss: coxph
  n_estimators: 369
  learning_rate: 0.1921651946485354
  subsample: 0.5054029872239363
  max_depth: 6
  max_features: 0.5
  max_leaf_nodes: 31
  min_samples_split: 6
  min_samples_leaf: 2
  min_weight_fraction_leaf: 0.0
  min_impurity_decrease: 0.031251376536114026
  criterion: friedman_mse
  ccp_alpha: 0.018679364264582988
  dropout_rate: 0.060319914900799326
  validation_fraction: 0.20322334372821446
  n_iter_no_change: null
  tol: 0.0036150776021216208
  random_state: 42
  warm_start: false
  verbose: 0
seed: 42
cv_n_splits: 5
cv_n_repeats: 10
preprocessing_config:
  eps: 1.0e-06
  min_speed: 0.01
  max_hours: 9999.0
