model_type: gbsa
model_params:
  loss: coxph
  n_estimators: 267
  learning_rate: 0.12226266233773421
  subsample: 0.5321546850053244
  max_depth: 5
  max_features: sqrt
  max_leaf_nodes: null
  min_samples_split: 19
  min_samples_leaf: 10
  min_weight_fraction_leaf: 0.0
  min_impurity_decrease: 0.043680950571028096
  criterion: friedman_mse
  ccp_alpha: 0.00011430582411595164
  dropout_rate: 0.06568538517887336
  validation_fraction: 0.2020867718885657
  n_iter_no_change: 10
  tol: 0.0013736268165365432
  random_state: 1024
  warm_start: false
  verbose: 0
seed: 1024
cv_n_splits: 5
cv_n_repeats: 10
preprocessing_config:
  eps: 1.0e-06
  min_speed: 0.01
  max_hours: 9999.0
