model_type: coxnet
model_params:
  l1_ratio: 0.9787167487870505
  alpha_min_ratio: 0.0842138333044161
  n_alphas: 106
  max_iter: 7470
  tol: 1.6507255115196668e-07
seed: 1024
cv_n_splits: 5
cv_n_repeats: 10
preprocessing_config:
  eps: 1.0e-06
  min_speed: 0.01
  max_hours: 9999.0
