model_type: gbsa
model_params:
  loss: coxph
  n_estimators: 364
  learning_rate: 0.12156174417825172
  subsample: 0.8154670141033348
  max_depth: 1
  max_features: null
  max_leaf_nodes: null
  min_samples_split: 17
  min_samples_leaf: 11
  min_weight_fraction_leaf: 0.0
  min_impurity_decrease: 0.04284894728542952
  criterion: friedman_mse
  ccp_alpha: 0.00017730023780341834
  dropout_rate: 0.037917829579626285
  validation_fraction: 0.1950780006472392
  n_iter_no_change: null
  tol: 0.00104685451662529
  random_state: 1024
  warm_start: false
  verbose: 0
seed: 1024
cv_n_splits: 5
cv_n_repeats: 10
preprocessing_config:
  eps: 1.0e-06
  min_speed: 0.01
  max_hours: 9999.0
