model_type: gbsa
model_params:
  loss: coxph
  n_estimators: 453
  learning_rate: 0.1504550850538461
  subsample: 0.9201216098351033
  max_depth: 3
  max_features: 0.3
  max_leaf_nodes: 63
  min_samples_split: 17
  min_samples_leaf: 2
  min_weight_fraction_leaf: 0.0
  min_impurity_decrease: 0.03533783729015766
  criterion: friedman_mse
  ccp_alpha: 0.024153961220820967
  dropout_rate: 0.030050086239965818
  validation_fraction: 0.19917276386432106
  n_iter_no_change: null
  tol: 0.0007304860010777206
  random_state: 1024
  warm_start: false
  verbose: 0
seed: 1024
cv_n_splits: 5
cv_n_repeats: 10
preprocessing_config:
  eps: 1.0e-06
  min_speed: 0.01
  max_hours: 9999.0
