model_type: gbsa
model_params:
  loss: coxph
  n_estimators: 237
  learning_rate: 0.15602610408305106
  subsample: 0.579998295690395
  max_depth: 5
  max_features: sqrt
  max_leaf_nodes: 16
  min_samples_split: 9
  min_samples_leaf: 7
  min_weight_fraction_leaf: 0.0
  min_impurity_decrease: 0.04814198642962394
  criterion: friedman_mse
  ccp_alpha: 0.0006256928224929096
  dropout_rate: 0.05287435883876943
  validation_fraction: 0.2917426953229708
  n_iter_no_change: 10
  tol: 0.00038325769825534354
  random_state: 777
  warm_start: false
  verbose: 0
seed: 777
cv_n_splits: 5
cv_n_repeats: 10
preprocessing_config:
  eps: 1.0e-06
  min_speed: 0.01
  max_hours: 9999.0
