model_type: coxnet
model_params:
  l1_ratio: 0.727853693576861
  alpha_min_ratio: 0.08979958232473796
  n_alphas: 237
  max_iter: 9769
  tol: 2.0542027271484904e-08
seed: 2023
cv_n_splits: 5
cv_n_repeats: 10
preprocessing_config:
  eps: 1.0e-06
  min_speed: 0.01
  max_hours: 9999.0
