model_type: coxnet
model_params:
  l1_ratio: 0.9491179799947094
  alpha_min_ratio: 0.06426464914813318
  n_alphas: 250
  max_iter: 13991
  tol: 1.656219167105522e-05
seed: 777
cv_n_splits: 5
cv_n_repeats: 10
preprocessing_config:
  eps: 1.0e-06
  min_speed: 0.01
  max_hours: 9999.0
