model_type: coxnet
model_params:
  l1_ratio: 0.49402715976786055
  alpha_min_ratio: 0.006104957301317939
  n_alphas: 289
  max_iter: 2452
  tol: 2.7792114830867057e-08
seed: 2023
cv_n_splits: 5
cv_n_repeats: 10
preprocessing_config:
  eps: 1.0e-06
  min_speed: 0.01
  max_hours: 9999.0
