model_type: gbsa
model_params:
  loss: coxph
  n_estimators: 491
  learning_rate: 0.07665056587385134
  subsample: 0.5658954389210031
  max_depth: 4
  max_features: 0.5
  max_leaf_nodes: 8
  min_samples_split: 10
  min_samples_leaf: 8
  min_weight_fraction_leaf: 0.0
  min_impurity_decrease: 0.02841759999296955
  criterion: friedman_mse
  ccp_alpha: 1.6411719284396677e-08
  dropout_rate: 0.14567082887013072
  validation_fraction: 0.19057904556394434
  n_iter_no_change: 5
  tol: 0.00013839678583151119
  random_state: 777
  warm_start: false
  verbose: 0
seed: 777
cv_n_splits: 5
cv_n_repeats: 10
preprocessing_config:
  eps: 1.0e-06
  min_speed: 0.01
  max_hours: 9999.0
