model_type: gbsa
model_params:
  loss: coxph
  n_estimators: 173
  learning_rate: 0.16686819920866477
  subsample: 0.6731698301227035
  max_depth: 1
  max_features: sqrt
  max_leaf_nodes: 63
  min_samples_split: 11
  min_samples_leaf: 11
  min_weight_fraction_leaf: 0.0
  min_impurity_decrease: 0.019140807871802695
  criterion: friedman_mse
  ccp_alpha: 0.0018611099021789528
  dropout_rate: 0.022064684622036163
  validation_fraction: 0.12263752576345084
  n_iter_no_change: null
  tol: 0.00011277034601756746
  random_state: 777
  warm_start: false
  verbose: 0
seed: 777
cv_n_splits: 5
cv_n_repeats: 10
preprocessing_config:
  eps: 1.0e-06
  min_speed: 0.01
  max_hours: 9999.0
