model_type: coxnet
model_params:
  l1_ratio: 0.9909212365393706
  alpha_min_ratio: 0.08515335500427688
  n_alphas: 241
  max_iter: 17151
  tol: 8.60453271315697e-07
seed: 42
cv_n_splits: 5
cv_n_repeats: 10
preprocessing_config:
  eps: 1.0e-06
  min_speed: 0.01
  max_hours: 9999.0
