model_type: coxnet
model_params:
  l1_ratio: 0.9314199007008
  alpha_min_ratio: 0.07638238504889135
  n_alphas: 199
  max_iter: 413
  tol: 9.597485005954134e-07
seed: 42
cv_n_splits: 5
cv_n_repeats: 10
preprocessing_config:
  eps: 1.0e-06
  min_speed: 0.01
  max_hours: 9999.0
