model_type: coxnet
model_params:
  l1_ratio: 0.983757040114266
  alpha_min_ratio: 0.05742155228238125
  n_alphas: 235
  max_iter: 17176
  tol: 6.711691410051104e-06
seed: 42
cv_n_splits: 5
cv_n_repeats: 10
preprocessing_config:
  eps: 1.0e-06
  min_speed: 0.01
  max_hours: 9999.0
