model_type: gbsa
model_params:
  loss: coxph
  n_estimators: 291
  learning_rate: 0.003947878578376261
  subsample: 0.8330503748387664
  max_depth: 1
  max_features: null
  max_leaf_nodes: null
  min_samples_split: 15
  min_samples_leaf: 15
  min_weight_fraction_leaf: 0.0
  min_impurity_decrease: 0.04404076207389088
  criterion: friedman_mse
  ccp_alpha: 8.504291940677166e-06
  dropout_rate: 0.1093881562062714
  validation_fraction: 0.23712706731105718
  n_iter_no_change: null
  tol: 0.0007814643820062659
  random_state: 2023
  warm_start: false
  verbose: 0
seed: 2023
cv_n_splits: 5
cv_n_repeats: 10
preprocessing_config:
  eps: 1.0e-06
  min_speed: 0.01
  max_hours: 9999.0
