model_type: coxnet
model_params:
  l1_ratio: 0.893758205534357
  alpha_min_ratio: 0.06024340653316955
  n_alphas: 289
  max_iter: 11913
  tol: 2.342900860262511e-06
seed: 42
cv_n_splits: 5
cv_n_repeats: 10
preprocessing_config:
  eps: 1.0e-06
  min_speed: 0.01
  max_hours: 9999.0
