model_type: gbsa
model_params:
  loss: coxph
  n_estimators: 282
  learning_rate: 0.09186537811911648
  subsample: 0.6444277098562983
  max_depth: 4
  max_features: 0.5
  max_leaf_nodes: 63
  min_samples_split: 20
  min_samples_leaf: 3
  min_weight_fraction_leaf: 0.0
  min_impurity_decrease: 0.04786607371472681
  criterion: friedman_mse
  ccp_alpha: 0.0002533747076549823
  dropout_rate: 0.08245858067379355
  validation_fraction: 0.13773688476243176
  n_iter_no_change: null
  tol: 2.6231465821244177e-05
  random_state: 777
  warm_start: false
  verbose: 0
seed: 777
cv_n_splits: 5
cv_n_repeats: 10
preprocessing_config:
  eps: 1.0e-06
  min_speed: 0.01
  max_hours: 9999.0
