model_type: gbsa
model_params:
  loss: coxph
  n_estimators: 393
  learning_rate: 0.12850481730006308
  subsample: 0.5228800551570242
  max_depth: 6
  max_features: 0.7
  max_leaf_nodes: 63
  min_samples_split: 7
  min_samples_leaf: 16
  min_weight_fraction_leaf: 0.0
  min_impurity_decrease: 0.03423853204063238
  criterion: friedman_mse
  ccp_alpha: 4.323459015222926e-07
  dropout_rate: 0.07056162702739738
  validation_fraction: 0.1033042740849397
  n_iter_no_change: null
  tol: 8.06243844429918e-05
  random_state: 2023
  warm_start: false
  verbose: 0
seed: 2023
cv_n_splits: 5
cv_n_repeats: 10
preprocessing_config:
  eps: 1.0e-06
  min_speed: 0.01
  max_hours: 9999.0
