model_type: gbsa
model_params:
  loss: coxph
  n_estimators: 331
  learning_rate: 0.06662981099800502
  subsample: 0.7735091937824983
  max_depth: 2
  max_features: null
  max_leaf_nodes: 31
  min_samples_split: 11
  min_samples_leaf: 8
  min_weight_fraction_leaf: 0.0
  min_impurity_decrease: 0.04139033104545714
  criterion: friedman_mse
  ccp_alpha: 0.0018928744301736648
  dropout_rate: 0.14901372867506185
  validation_fraction: 0.11552682183275709
  n_iter_no_change: null
  tol: 0.0012841272818291168
  random_state: 1024
  warm_start: false
  verbose: 0
seed: 1024
cv_n_splits: 5
cv_n_repeats: 10
preprocessing_config:
  eps: 1.0e-06
  min_speed: 0.01
  max_hours: 9999.0
