model_type: coxnet
model_params:
  l1_ratio: 0.9764696966625291
  alpha_min_ratio: 0.05404334934780532
  n_alphas: 277
  max_iter: 18465
  tol: 3.8361827727325865e-06
seed: 2023
cv_n_splits: 5
cv_n_repeats: 10
preprocessing_config:
  eps: 1.0e-06
  min_speed: 0.01
  max_hours: 9999.0
