model_type: coxnet
model_params:
  l1_ratio: 0.6711585661231159
  alpha_min_ratio: 0.0011660231932719388
  n_alphas: 112
  max_iter: 17731
  tol: 2.358896829575685e-06
seed: 2023
cv_n_splits: 5
cv_n_repeats: 10
preprocessing_config:
  eps: 1.0e-06
  min_speed: 0.01
  max_hours: 9999.0
