seed: 42
cv_n_splits: 5
cv_n_repeats: 10
gbsa_config:
  loss: coxph
  n_estimators: 492
  learning_rate: 0.15314061132376672
  subsample: 0.6588432152297954
  max_depth: 6
  max_features: sqrt
  max_leaf_nodes: null
  min_samples_split: 5
  min_samples_leaf: 16
  min_weight_fraction_leaf: 0.0
  min_impurity_decrease: 0.020893527520507743
  criterion: friedman_mse
  ccp_alpha: 0.010053279656018132
  dropout_rate: 0.008412945407886476
  validation_fraction: 0.21657214883467657
  n_iter_no_change: null
  tol: 3.0617412704495194e-05
  random_state: 42
  warm_start: false
  verbose: 0
preprocessing_config:
  eps: 1.0e-06
  min_speed: 0.01
  max_hours: 9999.0
