model_type: coxnet
model_params:
  l1_ratio: 0.31870674354488093
  alpha_min_ratio: 0.010195443709522346
  n_alphas: 157
  max_iter: 8853
  tol: 1.4574908658030838e-06
seed: 1024
cv_n_splits: 5
cv_n_repeats: 10
preprocessing_config:
  eps: 1.0e-06
  min_speed: 0.01
  max_hours: 9999.0
