model_type: coxnet
model_params:
  l1_ratio: 0.7649802023486477
  alpha_min_ratio: 0.08533426413101414
  n_alphas: 155
  max_iter: 17841
  tol: 6.396871088260024e-07
seed: 777
cv_n_splits: 5
cv_n_repeats: 10
preprocessing_config:
  eps: 1.0e-06
  min_speed: 0.01
  max_hours: 9999.0
