model_type: coxnet
model_params:
  l1_ratio: 0.11539620615589907
  alpha_min_ratio: 0.03639393880547779
  n_alphas: 137
  max_iter: 8261
  tol: 2.0692195951503553e-08
seed: 42
cv_n_splits: 5
cv_n_repeats: 10
preprocessing_config:
  eps: 1.0e-06
  min_speed: 0.01
  max_hours: 9999.0
