model_type: coxnet
model_params:
  l1_ratio: 0.9210703478607838
  alpha_min_ratio: 0.07672055897792122
  n_alphas: 240
  max_iter: 18785
  tol: 1.1460990976999664e-06
seed: 2023
cv_n_splits: 5
cv_n_repeats: 10
preprocessing_config:
  eps: 1.0e-06
  min_speed: 0.01
  max_hours: 9999.0
