model_type: coxnet
model_params:
  l1_ratio: 0.9302733144449422
  alpha_min_ratio: 0.05614803362937201
  n_alphas: 120
  max_iter: 806
  tol: 3.4357336212910504e-07
seed: 42
cv_n_splits: 5
cv_n_repeats: 10
preprocessing_config:
  eps: 1.0e-06
  min_speed: 0.01
  max_hours: 9999.0
