model_type: coxnet
model_params:
  l1_ratio: 0.9311397342600538
  alpha_min_ratio: 0.0538817627900193
  n_alphas: 114
  max_iter: 17131
  tol: 1.723125090346937e-05
seed: 42
cv_n_splits: 5
cv_n_repeats: 10
preprocessing_config:
  eps: 1.0e-06
  min_speed: 0.01
  max_hours: 9999.0
