model_type: gbsa
model_params:
  loss: coxph
  n_estimators: 469
  learning_rate: 0.004531853764058032
  subsample: 0.5589361379936779
  max_depth: 6
  max_features: log2
  max_leaf_nodes: null
  min_samples_split: 4
  min_samples_leaf: 12
  min_weight_fraction_leaf: 0.0
  min_impurity_decrease: 0.024365342183531192
  criterion: friedman_mse
  ccp_alpha: 5.317541411004263e-08
  dropout_rate: 0.1471121681729622
  validation_fraction: 0.22541569664254432
  n_iter_no_change: 10
  tol: 0.00034908698851024797
  random_state: 2023
  warm_start: false
  verbose: 0
seed: 2023
cv_n_splits: 5
cv_n_repeats: 10
preprocessing_config:
  eps: 1.0e-06
  min_speed: 0.01
  max_hours: 9999.0
