model_type: coxnet
model_params:
  l1_ratio: 0.9853759704062075
  alpha_min_ratio: 0.05301864354972079
  n_alphas: 129
  max_iter: 19612
  tol: 4.834277740379332e-07
seed: 777
cv_n_splits: 5
cv_n_repeats: 10
preprocessing_config:
  eps: 1.0e-06
  min_speed: 0.01
  max_hours: 9999.0
