model_type: coxnet
model_params:
  l1_ratio: 0.9944891122458226
  alpha_min_ratio: 0.036585309283393055
  n_alphas: 293
  max_iter: 19673
  tol: 4.303833074952309e-05
seed: 42
cv_n_splits: 5
cv_n_repeats: 10
preprocessing_config:
  eps: 1.0e-06
  min_speed: 0.01
  max_hours: 9999.0
