model_type: coxnet
model_params:
  l1_ratio: 0.057836899922360185
  alpha_min_ratio: 0.000167934463354752
  n_alphas: 89
  max_iter: 2035
  tol: 4.549710943966631e-08
seed: 777
cv_n_splits: 5
cv_n_repeats: 10
preprocessing_config:
  eps: 1.0e-06
  min_speed: 0.01
  max_hours: 9999.0
