model_type: coxnet
model_params:
  l1_ratio: 0.9202066561561213
  alpha_min_ratio: 0.018155128631160453
  n_alphas: 274
  max_iter: 15701
  tol: 7.792867642589925e-06
seed: 42
cv_n_splits: 5
cv_n_repeats: 10
preprocessing_config:
  eps: 1.0e-06
  min_speed: 0.01
  max_hours: 9999.0
