model_type: coxnet
model_params:
  l1_ratio: 0.675582654047901
  alpha_min_ratio: 0.06744023190985142
  n_alphas: 134
  max_iter: 9846
  tol: 2.2962439675669733e-08
seed: 1024
cv_n_splits: 5
cv_n_repeats: 10
preprocessing_config:
  eps: 1.0e-06
  min_speed: 0.01
  max_hours: 9999.0
