model_type: coxnet
model_params:
  l1_ratio: 0.9183142691310636
  alpha_min_ratio: 0.05075656332504103
  n_alphas: 300
  max_iter: 13745
  tol: 2.085233656030566e-05
seed: 1024
cv_n_splits: 5
cv_n_repeats: 10
preprocessing_config:
  eps: 1.0e-06
  min_speed: 0.01
  max_hours: 9999.0
