model_type: gbsa
model_params:
  loss: coxph
  n_estimators: 199
  learning_rate: 0.07688398855976356
  subsample: 0.5234921433106362
  max_depth: 4
  max_features: null
  max_leaf_nodes: 63
  min_samples_split: 16
  min_samples_leaf: 4
  min_weight_fraction_leaf: 0.0
  min_impurity_decrease: 0.02935294537815509
  criterion: friedman_mse
  ccp_alpha: 1.2563977325700092e-08
  dropout_rate: 0.10050073483357802
  validation_fraction: 0.26013056863838313
  n_iter_no_change: null
  tol: 0.00023103140910073374
  random_state: 777
  warm_start: false
  verbose: 0
seed: 777
cv_n_splits: 5
cv_n_repeats: 10
preprocessing_config:
  eps: 1.0e-06
  min_speed: 0.01
  max_hours: 9999.0
