model_type: coxnet
model_params:
  l1_ratio: 0.9762006639363683
  alpha_min_ratio: 0.07233365178082324
  n_alphas: 224
  max_iter: 474
  tol: 5.5193234892173925e-06
seed: 42
cv_n_splits: 5
cv_n_repeats: 10
preprocessing_config:
  eps: 1.0e-06
  min_speed: 0.01
  max_hours: 9999.0
