model_type: coxnet
model_params:
  l1_ratio: 0.6937064303814334
  alpha_min_ratio: 0.04474566584846199
  n_alphas: 67
  max_iter: 15322
  tol: 1.4659388297864546e-05
seed: 2023
cv_n_splits: 5
cv_n_repeats: 10
preprocessing_config:
  eps: 1.0e-06
  min_speed: 0.01
  max_hours: 9999.0
