model_type: gbsa
model_params:
  loss: coxph
  n_estimators: 456
  learning_rate: 0.14417244913830288
  subsample: 0.517856108254421
  max_depth: 4
  max_features: null
  max_leaf_nodes: 8
  min_samples_split: 5
  min_samples_leaf: 5
  min_weight_fraction_leaf: 0.0
  min_impurity_decrease: 0.03370543463212933
  criterion: friedman_mse
  ccp_alpha: 5.911430831499029e-07
  dropout_rate: 0.00817913525104201
  validation_fraction: 0.2480731116383369
  n_iter_no_change: 5
  tol: 0.0004344245748845341
  random_state: 777
  warm_start: false
  verbose: 0
seed: 777
cv_n_splits: 5
cv_n_repeats: 10
preprocessing_config:
  eps: 1.0e-06
  min_speed: 0.01
  max_hours: 9999.0
