model_type: gbsa
model_params:
  loss: coxph
  n_estimators: 323
  learning_rate: 0.06721140710383795
  subsample: 0.5931124193292484
  max_depth: 6
  max_features: 1.0
  max_leaf_nodes: 31
  min_samples_split: 14
  min_samples_leaf: 6
  min_weight_fraction_leaf: 0.0
  min_impurity_decrease: 0.023831246468737008
  criterion: friedman_mse
  ccp_alpha: 7.247800456147733e-06
  dropout_rate: 0.033670663418105456
  validation_fraction: 0.13818943912277787
  n_iter_no_change: 20
  tol: 1.9187017966932617e-05
  random_state: 777
  warm_start: false
  verbose: 0
seed: 777
cv_n_splits: 5
cv_n_repeats: 10
preprocessing_config:
  eps: 1.0e-06
  min_speed: 0.01
  max_hours: 9999.0
