model_type: gbsa
model_params:
  loss: coxph
  n_estimators: 165
  learning_rate: 0.1511835869097066
  subsample: 0.6600557347229637
  max_depth: 6
  max_features: 0.3
  max_leaf_nodes: null
  min_samples_split: 3
  min_samples_leaf: 7
  min_weight_fraction_leaf: 0.0
  min_impurity_decrease: 0.021392860460155212
  criterion: friedman_mse
  ccp_alpha: 0.03927435033823826
  dropout_rate: 0.006473062778040366
  validation_fraction: 0.2790717680185363
  n_iter_no_change: 20
  tol: 0.0010187975872252035
  random_state: 42
  warm_start: false
  verbose: 0
seed: 42
cv_n_splits: 5
cv_n_repeats: 10
preprocessing_config:
  eps: 1.0e-06
  min_speed: 0.01
  max_hours: 9999.0
