model_type: coxnet
model_params:
  l1_ratio: 0.21343665286290664
  alpha_min_ratio: 0.0029526714473316934
  n_alphas: 222
  max_iter: 4293
  tol: 7.327642762458293e-07
seed: 2023
cv_n_splits: 5
cv_n_repeats: 10
preprocessing_config:
  eps: 1.0e-06
  min_speed: 0.01
  max_hours: 9999.0
