model_type: coxnet
model_params:
  l1_ratio: 0.9762741516453223
  alpha_min_ratio: 0.07867124086180603
  n_alphas: 248
  max_iter: 19530
  tol: 7.124747392827563e-06
seed: 42
cv_n_splits: 5
cv_n_repeats: 10
preprocessing_config:
  eps: 1.0e-06
  min_speed: 0.01
  max_hours: 9999.0
