model_type: coxnet
model_params:
  l1_ratio: 0.8373725074418303
  alpha_min_ratio: 0.09995996863316299
  n_alphas: 284
  max_iter: 15817
  tol: 3.1936506420497185e-05
seed: 1024
cv_n_splits: 5
cv_n_repeats: 10
preprocessing_config:
  eps: 1.0e-06
  min_speed: 0.01
  max_hours: 9999.0
