model_type: coxnet
model_params:
  l1_ratio: 0.9721807047286863
  alpha_min_ratio: 0.08288022349765922
  n_alphas: 279
  max_iter: 19646
  tol: 9.74215934395475e-05
seed: 42
cv_n_splits: 5
cv_n_repeats: 10
preprocessing_config:
  eps: 1.0e-06
  min_speed: 0.01
  max_hours: 9999.0
