model_type: coxnet
model_params:
  l1_ratio: 0.9048602224940813
  alpha_min_ratio: 0.05921163571658656
  n_alphas: 133
  max_iter: 14718
  tol: 2.8211601495013358e-05
seed: 2023
cv_n_splits: 5
cv_n_repeats: 10
preprocessing_config:
  eps: 1.0e-06
  min_speed: 0.01
  max_hours: 9999.0
