model_type: coxnet
model_params:
  l1_ratio: 0.9219271666428345
  alpha_min_ratio: 0.014730835993626026
  n_alphas: 288
  max_iter: 14524
  tol: 4.016274945945455e-05
seed: 1024
cv_n_splits: 5
cv_n_repeats: 10
preprocessing_config:
  eps: 1.0e-06
  min_speed: 0.01
  max_hours: 9999.0
