model_type: coxnet
model_params:
  l1_ratio: 0.8453799375983505
  alpha_min_ratio: 0.01413282038037721
  n_alphas: 257
  max_iter: 16381
  tol: 7.525253815902299e-06
seed: 42
cv_n_splits: 5
cv_n_repeats: 10
preprocessing_config:
  eps: 1.0e-06
  min_speed: 0.01
  max_hours: 9999.0
