model_type: coxnet
model_params:
  l1_ratio: 0.8349045105837929
  alpha_min_ratio: 0.04607092992995473
  n_alphas: 216
  max_iter: 13820
  tol: 1.469320395503221e-06
seed: 42
cv_n_splits: 5
cv_n_repeats: 10
preprocessing_config:
  eps: 1.0e-06
  min_speed: 0.01
  max_hours: 9999.0
