model_type: coxnet
model_params:
  l1_ratio: 0.9061470384770706
  alpha_min_ratio: 0.09739461580959334
  n_alphas: 244
  max_iter: 19737
  tol: 1.590849126930775e-06
seed: 42
cv_n_splits: 5
cv_n_repeats: 10
preprocessing_config:
  eps: 1.0e-06
  min_speed: 0.01
  max_hours: 9999.0
