model_type: coxnet
model_params:
  l1_ratio: 0.9529362646127397
  alpha_min_ratio: 0.0834053874056463
  n_alphas: 270
  max_iter: 19034
  tol: 5.264932016819842e-05
seed: 1024
cv_n_splits: 5
cv_n_repeats: 10
preprocessing_config:
  eps: 1.0e-06
  min_speed: 0.01
  max_hours: 9999.0
