seed: 42
cv_n_splits: 5
cv_n_repeats: 10
gbsa_config:
  loss: coxph
  n_estimators: 366
  learning_rate: 0.019024816786365337
  subsample: 0.6049224735229024
  max_depth: 5
  max_features: 1.0
  max_leaf_nodes: 31
  min_samples_split: 4
  min_samples_leaf: 14
  min_weight_fraction_leaf: 0.0
  min_impurity_decrease: 0.02055017807779146
  criterion: friedman_mse
  ccp_alpha: 7.353394579758622e-06
  dropout_rate: 0.00020765828917926202
  validation_fraction: 0.23281118222561378
  n_iter_no_change: 10
  tol: 6.267929168647578e-05
  random_state: 42
  warm_start: false
  verbose: 0
preprocessing_config:
  eps: 1.0e-06
  min_speed: 0.01
  max_hours: 9999.0
