model_type: coxnet
model_params:
  l1_ratio: 0.2890939905745358
  alpha_min_ratio: 0.0007721401512567356
  n_alphas: 164
  max_iter: 3560
  tol: 1.2509282987399954e-08
seed: 1024
cv_n_splits: 5
cv_n_repeats: 10
preprocessing_config:
  eps: 1.0e-06
  min_speed: 0.01
  max_hours: 9999.0
