model_type: coxnet
model_params:
  l1_ratio: 0.9756602110279513
  alpha_min_ratio: 0.05133629758006116
  n_alphas: 222
  max_iter: 250
  tol: 3.588089251126842e-06
seed: 42
cv_n_splits: 5
cv_n_repeats: 10
preprocessing_config:
  eps: 1.0e-06
  min_speed: 0.01
  max_hours: 9999.0
