model_type: coxnet
model_params:
  l1_ratio: 0.973651796312621
  alpha_min_ratio: 0.05351775478205691
  n_alphas: 196
  max_iter: 1870
  tol: 3.702061583469614e-05
seed: 42
cv_n_splits: 5
cv_n_repeats: 10
preprocessing_config:
  eps: 1.0e-06
  min_speed: 0.01
  max_hours: 9999.0
