seed: 42
cv_n_splits: 5
cv_n_repeats: 10
gbsa_config:
  loss: coxph
  n_estimators: 478
  learning_rate: 0.04662126516815013
  subsample: 0.8933954457431417
  max_depth: 4
  max_features: log2
  max_leaf_nodes: null
  min_samples_split: 4
  min_samples_leaf: 5
  min_weight_fraction_leaf: 0.0
  min_impurity_decrease: 0.038379295651757905
  criterion: friedman_mse
  ccp_alpha: 0.08038738523650295
  dropout_rate: 0.1103997275547269
  validation_fraction: 0.1616918531646091
  n_iter_no_change: null
  tol: 0.0048146344770430075
  random_state: 42
  warm_start: false
  verbose: 0
preprocessing_config:
  eps: 1.0e-06
  min_speed: 0.01
  max_hours: 9999.0
