model_type: coxnet
model_params:
  l1_ratio: 0.8472829248460562
  alpha_min_ratio: 0.010837763186110235
  n_alphas: 265
  max_iter: 14268
  tol: 1.0858809263764069e-05
seed: 777
cv_n_splits: 5
cv_n_repeats: 10
preprocessing_config:
  eps: 1.0e-06
  min_speed: 0.01
  max_hours: 9999.0
