model_type: coxnet
model_params:
  l1_ratio: 0.9458389362794855
  alpha_min_ratio: 0.06827824706524181
  n_alphas: 204
  max_iter: 12235
  tol: 5.7513059216428956e-06
seed: 2023
cv_n_splits: 5
cv_n_repeats: 10
preprocessing_config:
  eps: 1.0e-06
  min_speed: 0.01
  max_hours: 9999.0
