model_type: gbsa
model_params:
  loss: coxph
  n_estimators: 340
  learning_rate: 0.09373493653287227
  subsample: 0.6099423354456124
  max_depth: 3
  max_features: 0.5
  max_leaf_nodes: 16
  min_samples_split: 19
  min_samples_leaf: 20
  min_weight_fraction_leaf: 0.0
  min_impurity_decrease: 0.02203230998571489
  criterion: friedman_mse
  ccp_alpha: 0.0001867986930362913
  dropout_rate: 0.008318394951442196
  validation_fraction: 0.12239771678414145
  n_iter_no_change: null
  tol: 0.000280182461175539
  random_state: 2023
  warm_start: false
  verbose: 0
seed: 2023
cv_n_splits: 5
cv_n_repeats: 10
preprocessing_config:
  eps: 1.0e-06
  min_speed: 0.01
  max_hours: 9999.0
