model_type: gbsa
model_params:
  loss: coxph
  n_estimators: 119
  learning_rate: 0.14708824902117232
  subsample: 0.8714069639259683
  max_depth: 1
  max_features: log2
  max_leaf_nodes: 63
  min_samples_split: 20
  min_samples_leaf: 2
  min_weight_fraction_leaf: 0.0
  min_impurity_decrease: 0.013663251315818617
  criterion: friedman_mse
  ccp_alpha: 2.0720413227908624e-06
  dropout_rate: 0.019651779611448636
  validation_fraction: 0.2990847272459634
  n_iter_no_change: null
  tol: 0.004225458280726816
  random_state: 1024
  warm_start: false
  verbose: 0
seed: 1024
cv_n_splits: 5
cv_n_repeats: 10
preprocessing_config:
  eps: 1.0e-06
  min_speed: 0.01
  max_hours: 9999.0
