model_type: coxnet
model_params:
  l1_ratio: 0.9897687666355361
  alpha_min_ratio: 0.06102316399908537
  n_alphas: 288
  max_iter: 1092
  tol: 2.2726867574023787e-05
seed: 42
cv_n_splits: 5
cv_n_repeats: 10
preprocessing_config:
  eps: 1.0e-06
  min_speed: 0.01
  max_hours: 9999.0
