model_type: gbsa
model_params:
  loss: coxph
  n_estimators: 393
  learning_rate: 0.11332103234711675
  subsample: 0.7641495957110204
  max_depth: 3
  max_features: 0.3
  max_leaf_nodes: null
  min_samples_split: 4
  min_samples_leaf: 13
  min_weight_fraction_leaf: 0.0
  min_impurity_decrease: 0.028179166469625577
  criterion: friedman_mse
  ccp_alpha: 0.030205337206318003
  dropout_rate: 0.023244853624756676
  validation_fraction: 0.15556987818741794
  n_iter_no_change: null
  tol: 0.0006987798582065055
  random_state: 42
  warm_start: false
  verbose: 0
seed: 42
cv_n_splits: 5
cv_n_repeats: 10
preprocessing_config:
  eps: 1.0e-06
  min_speed: 0.01
  max_hours: 9999.0
