model_type: coxnet
model_params:
  l1_ratio: 0.8003790946522599
  alpha_min_ratio: 0.08386709101265748
  n_alphas: 67
  max_iter: 119
  tol: 6.651375280956149e-05
seed: 42
cv_n_splits: 5
cv_n_repeats: 10
preprocessing_config:
  eps: 1.0e-06
  min_speed: 0.01
  max_hours: 9999.0
