model_type: coxnet
model_params:
  l1_ratio: 0.996423338030869
  alpha_min_ratio: 0.014692077439130606
  n_alphas: 276
  max_iter: 17701
  tol: 6.068633495091881e-08
seed: 1024
cv_n_splits: 5
cv_n_repeats: 10
preprocessing_config:
  eps: 1.0e-06
  min_speed: 0.01
  max_hours: 9999.0
