model_type: coxnet
model_params:
  l1_ratio: 0.9335114206613411
  alpha_min_ratio: 0.056827173192845686
  n_alphas: 258
  max_iter: 550
  tol: 9.295110437061938e-05
seed: 42
cv_n_splits: 5
cv_n_repeats: 10
preprocessing_config:
  eps: 1.0e-06
  min_speed: 0.01
  max_hours: 9999.0
