model_type: coxnet
model_params:
  l1_ratio: 0.9952050433356198
  alpha_min_ratio: 0.010247427253524415
  n_alphas: 186
  max_iter: 18702
  tol: 9.140565121987822e-05
seed: 1024
cv_n_splits: 5
cv_n_repeats: 10
preprocessing_config:
  eps: 1.0e-06
  min_speed: 0.01
  max_hours: 9999.0
