model_type: coxnet
model_params:
  l1_ratio: 0.9524854063627031
  alpha_min_ratio: 0.008303624129566258
  n_alphas: 166
  max_iter: 19544
  tol: 2.8120502870714554e-07
seed: 777
cv_n_splits: 5
cv_n_repeats: 10
preprocessing_config:
  eps: 1.0e-06
  min_speed: 0.01
  max_hours: 9999.0
