model_type: coxnet
model_params:
  l1_ratio: 0.8569952738778986
  alpha_min_ratio: 0.02249784236089544
  n_alphas: 152
  max_iter: 11878
  tol: 2.9770932692091446e-06
seed: 42
cv_n_splits: 5
cv_n_repeats: 10
preprocessing_config:
  eps: 1.0e-06
  min_speed: 0.01
  max_hours: 9999.0
