model_type: coxnet
model_params:
  l1_ratio: 0.9027959817656628
  alpha_min_ratio: 0.07603520165770437
  n_alphas: 274
  max_iter: 17179
  tol: 8.428876821173175e-05
seed: 1024
cv_n_splits: 5
cv_n_repeats: 10
preprocessing_config:
  eps: 1.0e-06
  min_speed: 0.01
  max_hours: 9999.0
