model_type: coxnet
model_params:
  l1_ratio: 0.9363237930552609
  alpha_min_ratio: 0.01942316947218036
  n_alphas: 65
  max_iter: 15673
  tol: 9.23630077464308e-05
seed: 2023
cv_n_splits: 5
cv_n_repeats: 10
preprocessing_config:
  eps: 1.0e-06
  min_speed: 0.01
  max_hours: 9999.0
