model_type: gbsa
model_params:
  loss: coxph
  n_estimators: 388
  learning_rate: 0.15419018307330926
  subsample: 0.5559884462896473
  max_depth: 6
  max_features: 1.0
  max_leaf_nodes: 31
  min_samples_split: 11
  min_samples_leaf: 16
  min_weight_fraction_leaf: 0.0
  min_impurity_decrease: 0.006693114912313759
  criterion: friedman_mse
  ccp_alpha: 0.024889089482266688
  dropout_rate: 0.14590099508676807
  validation_fraction: 0.15621759449827471
  n_iter_no_change: null
  tol: 0.0015936055997974312
  random_state: 2023
  warm_start: false
  verbose: 0
seed: 2023
cv_n_splits: 5
cv_n_repeats: 10
preprocessing_config:
  eps: 1.0e-06
  min_speed: 0.01
  max_hours: 9999.0
