model_type: gbsa
model_params:
  loss: coxph
  n_estimators: 349
  learning_rate: 0.14007084541064338
  subsample: 0.6298749565017255
  max_depth: 2
  max_features: log2
  max_leaf_nodes: 8
  min_samples_split: 8
  min_samples_leaf: 10
  min_weight_fraction_leaf: 0.0
  min_impurity_decrease: 0.03438292491784681
  criterion: friedman_mse
  ccp_alpha: 2.9690604360072415e-07
  dropout_rate: 0.11828460133070426
  validation_fraction: 0.2991619916678906
  n_iter_no_change: null
  tol: 7.016300055058365e-05
  random_state: 777
  warm_start: false
  verbose: 0
seed: 777
cv_n_splits: 5
cv_n_repeats: 10
preprocessing_config:
  eps: 1.0e-06
  min_speed: 0.01
  max_hours: 9999.0
