model_type: coxnet
model_params:
  l1_ratio: 0.1231638061192119
  alpha_min_ratio: 0.0002836095833324664
  n_alphas: 126
  max_iter: 18646
  tol: 6.394098623235342e-06
seed: 1024
cv_n_splits: 5
cv_n_repeats: 10
preprocessing_config:
  eps: 1.0e-06
  min_speed: 0.01
  max_hours: 9999.0
