model_type: gbsa
model_params:
  loss: coxph
  n_estimators: 285
  learning_rate: 0.05862004419005237
  subsample: 0.9139464039341229
  max_depth: 1
  max_features: log2
  max_leaf_nodes: 16
  min_samples_split: 12
  min_samples_leaf: 2
  min_weight_fraction_leaf: 0.0
  min_impurity_decrease: 0.04202430278164792
  criterion: friedman_mse
  ccp_alpha: 0.0004678914739126675
  dropout_rate: 0.007646082601755004
  validation_fraction: 0.2637563741490452
  n_iter_no_change: null
  tol: 0.0013009177753077765
  random_state: 777
  warm_start: false
  verbose: 0
seed: 777
cv_n_splits: 5
cv_n_repeats: 10
preprocessing_config:
  eps: 1.0e-06
  min_speed: 0.01
  max_hours: 9999.0
