model_type: gbsa
model_params:
  loss: coxph
  n_estimators: 446
  learning_rate: 0.10953809296456908
  subsample: 0.7753183115310542
  max_depth: 1
  max_features: log2
  max_leaf_nodes: 31
  min_samples_split: 12
  min_samples_leaf: 15
  min_weight_fraction_leaf: 0.0
  min_impurity_decrease: 0.011248199622132308
  criterion: friedman_mse
  ccp_alpha: 2.1157269570686723e-08
  dropout_rate: 0.00865632706033588
  validation_fraction: 0.2569501003182694
  n_iter_no_change: null
  tol: 9.133665915675959e-05
  random_state: 2023
  warm_start: false
  verbose: 0
seed: 2023
cv_n_splits: 5
cv_n_repeats: 10
preprocessing_config:
  eps: 1.0e-06
  min_speed: 0.01
  max_hours: 9999.0
