model_type: coxnet
model_params:
  l1_ratio: 0.8488537054325851
  alpha_min_ratio: 0.0502303415329414
  n_alphas: 185
  max_iter: 8710
  tol: 7.40557607377985e-06
seed: 2023
cv_n_splits: 5
cv_n_repeats: 10
preprocessing_config:
  eps: 1.0e-06
  min_speed: 0.01
  max_hours: 9999.0
