model_type: coxnet
model_params:
  l1_ratio: 0.08047088448691159
  alpha_min_ratio: 0.00014738832327554048
  n_alphas: 233
  max_iter: 15197
  tol: 3.502110325557437e-08
seed: 42
cv_n_splits: 5
cv_n_repeats: 10
preprocessing_config:
  eps: 1.0e-06
  min_speed: 0.01
  max_hours: 9999.0
