model_type: gbsa
model_params:
  loss: coxph
  n_estimators: 358
  learning_rate: 0.10271137174420596
  subsample: 0.5978833557951737
  max_depth: 1
  max_features: 0.3
  max_leaf_nodes: 8
  min_samples_split: 12
  min_samples_leaf: 12
  min_weight_fraction_leaf: 0.0
  min_impurity_decrease: 0.0038679693532027394
  criterion: friedman_mse
  ccp_alpha: 0.013112973529189538
  dropout_rate: 0.06543523550810555
  validation_fraction: 0.1937206340616428
  n_iter_no_change: null
  tol: 0.00011923080027388005
  random_state: 2023
  warm_start: false
  verbose: 0
seed: 2023
cv_n_splits: 5
cv_n_repeats: 10
preprocessing_config:
  eps: 1.0e-06
  min_speed: 0.01
  max_hours: 9999.0
