model_type: gbsa
model_params:
  loss: coxph
  n_estimators: 227
  learning_rate: 0.17415726712942384
  subsample: 0.871005554728205
  max_depth: 1
  max_features: log2
  max_leaf_nodes: 16
  min_samples_split: 12
  min_samples_leaf: 5
  min_weight_fraction_leaf: 0.0
  min_impurity_decrease: 0.04647126496569542
  criterion: friedman_mse
  ccp_alpha: 0.002197751359500634
  dropout_rate: 0.009850939099172467
  validation_fraction: 0.2660277278507107
  n_iter_no_change: null
  tol: 0.0011964430153252612
  random_state: 777
  warm_start: false
  verbose: 0
seed: 777
cv_n_splits: 5
cv_n_repeats: 10
preprocessing_config:
  eps: 1.0e-06
  min_speed: 0.01
  max_hours: 9999.0
