model_type: coxnet
model_params:
  l1_ratio: 0.97862320181357
  alpha_min_ratio: 0.019224595711492577
  n_alphas: 242
  max_iter: 378
  tol: 5.616484776805574e-06
seed: 42
cv_n_splits: 5
cv_n_repeats: 10
preprocessing_config:
  eps: 1.0e-06
  min_speed: 0.01
  max_hours: 9999.0
