model_type: coxnet
model_params:
  l1_ratio: 0.7168586273737363
  alpha_min_ratio: 0.04872517414980439
  n_alphas: 241
  max_iter: 11111
  tol: 1.138097971294155e-07
seed: 2023
cv_n_splits: 5
cv_n_repeats: 10
preprocessing_config:
  eps: 1.0e-06
  min_speed: 0.01
  max_hours: 9999.0
