model_type: gbsa
model_params:
  loss: coxph
  n_estimators: 402
  learning_rate: 0.17846213483980514
  subsample: 0.6524759653782181
  max_depth: 4
  max_features: sqrt
  max_leaf_nodes: null
  min_samples_split: 10
  min_samples_leaf: 8
  min_weight_fraction_leaf: 0.0
  min_impurity_decrease: 0.01223201235752197
  criterion: friedman_mse
  ccp_alpha: 0.0056714228693586985
  dropout_rate: 0.10817467326221142
  validation_fraction: 0.10339365011200656
  n_iter_no_change: null
  tol: 0.0007832527983243659
  random_state: 42
  warm_start: false
  verbose: 0
seed: 42
cv_n_splits: 5
cv_n_repeats: 10
preprocessing_config:
  eps: 1.0e-06
  min_speed: 0.01
  max_hours: 9999.0
