model_type: coxnet
model_params:
  l1_ratio: 0.981875555102415
  alpha_min_ratio: 0.026858965497991095
  n_alphas: 86
  max_iter: 13057
  tol: 2.2883557110967555e-05
seed: 2023
cv_n_splits: 5
cv_n_repeats: 10
preprocessing_config:
  eps: 1.0e-06
  min_speed: 0.01
  max_hours: 9999.0
