model_type: coxnet
model_params:
  l1_ratio: 0.9969895492408912
  alpha_min_ratio: 0.04845951998955004
  n_alphas: 283
  max_iter: 14768
  tol: 7.2357290166234555e-06
seed: 42
cv_n_splits: 5
cv_n_repeats: 10
preprocessing_config:
  eps: 1.0e-06
  min_speed: 0.01
  max_hours: 9999.0
