model_type: coxnet
model_params:
  l1_ratio: 0.1866757089262373
  alpha_min_ratio: 0.00014122972452332397
  n_alphas: 273
  max_iter: 4299
  tol: 1.2379908229740899e-05
seed: 1024
cv_n_splits: 5
cv_n_repeats: 10
preprocessing_config:
  eps: 1.0e-06
  min_speed: 0.01
  max_hours: 9999.0
