model_type: coxnet
model_params:
  l1_ratio: 0.9817528313976502
  alpha_min_ratio: 0.039195154553976146
  n_alphas: 229
  max_iter: 17337
  tol: 4.920041006426174e-06
seed: 42
cv_n_splits: 5
cv_n_repeats: 10
preprocessing_config:
  eps: 1.0e-06
  min_speed: 0.01
  max_hours: 9999.0
