seed: 42
cv_n_splits: 5
cv_n_repeats: 10
gbsa_config:
  loss: coxph
  n_estimators: 269
  learning_rate: 0.11818978693815828
  subsample: 0.7423542572656785
  max_depth: 4
  max_features: sqrt
  max_leaf_nodes: 31
  min_samples_split: 4
  min_samples_leaf: 4
  min_weight_fraction_leaf: 0.0
  min_impurity_decrease: 0.03958840452993469
  criterion: friedman_mse
  ccp_alpha: 0.0005056512177516635
  dropout_rate: 0.1688005787148195
  validation_fraction: 0.24630842890956173
  n_iter_no_change: 10
  tol: 2.6330303181570046e-05
  random_state: 42
  warm_start: false
  verbose: 0
preprocessing_config:
  eps: 1.0e-06
  min_speed: 0.01
  max_hours: 9999.0
