model_type: gbsa
model_params:
  loss: coxph
  n_estimators: 480
  learning_rate: 0.11451385465417326
  subsample: 0.6290771620776651
  max_depth: 4
  max_features: 1.0
  max_leaf_nodes: 8
  min_samples_split: 10
  min_samples_leaf: 11
  min_weight_fraction_leaf: 0.0
  min_impurity_decrease: 0.025264686005521182
  criterion: friedman_mse
  ccp_alpha: 0.0002351464560799887
  dropout_rate: 0.006888743302571779
  validation_fraction: 0.29295268218196213
  n_iter_no_change: null
  tol: 8.776644678170777e-05
  random_state: 777
  warm_start: false
  verbose: 0
seed: 777
cv_n_splits: 5
cv_n_repeats: 10
preprocessing_config:
  eps: 1.0e-06
  min_speed: 0.01
  max_hours: 9999.0
