model_type: gbsa
model_params:
  loss: coxph
  n_estimators: 205
  learning_rate: 0.13153929189714744
  subsample: 0.9375399152122574
  max_depth: 6
  max_features: sqrt
  max_leaf_nodes: null
  min_samples_split: 10
  min_samples_leaf: 20
  min_weight_fraction_leaf: 0.0
  min_impurity_decrease: 0.04087864092072911
  criterion: friedman_mse
  ccp_alpha: 0.010676758195495777
  dropout_rate: 0.10273497622468285
  validation_fraction: 0.28489339179788453
  n_iter_no_change: null
  tol: 4.374608507569873e-05
  random_state: 777
  warm_start: false
  verbose: 0
seed: 777
cv_n_splits: 5
cv_n_repeats: 10
preprocessing_config:
  eps: 1.0e-06
  min_speed: 0.01
  max_hours: 9999.0
