model_type: coxnet
model_params:
  l1_ratio: 0.9712986238246802
  alpha_min_ratio: 0.06120919308891393
  n_alphas: 173
  max_iter: 14034
  tol: 6.26683316744147e-06
seed: 777
cv_n_splits: 5
cv_n_repeats: 10
preprocessing_config:
  eps: 1.0e-06
  min_speed: 0.01
  max_hours: 9999.0
