model_type: coxnet
model_params:
  l1_ratio: 0.888330454738286
  alpha_min_ratio: 0.08073070860003385
  n_alphas: 148
  max_iter: 17382
  tol: 2.5378985529844857e-07
seed: 2023
cv_n_splits: 5
cv_n_repeats: 10
preprocessing_config:
  eps: 1.0e-06
  min_speed: 0.01
  max_hours: 9999.0
