model_type: gbsa
model_params:
  loss: coxph
  n_estimators: 379
  learning_rate: 0.1639349965639979
  subsample: 0.9168531817104079
  max_depth: 1
  max_features: log2
  max_leaf_nodes: 63
  min_samples_split: 5
  min_samples_leaf: 11
  min_weight_fraction_leaf: 0.0
  min_impurity_decrease: 0.01787393733473473
  criterion: friedman_mse
  ccp_alpha: 2.3176669910858574e-06
  dropout_rate: 0.03402062296978009
  validation_fraction: 0.22060923223409756
  n_iter_no_change: null
  tol: 7.024391659629502e-05
  random_state: 2023
  warm_start: false
  verbose: 0
seed: 2023
cv_n_splits: 5
cv_n_repeats: 10
preprocessing_config:
  eps: 1.0e-06
  min_speed: 0.01
  max_hours: 9999.0
