model_type: gbsa
model_params:
  loss: coxph
  n_estimators: 354
  learning_rate: 0.18939513638195568
  subsample: 0.6317316198748485
  max_depth: 1
  max_features: 0.7
  max_leaf_nodes: 31
  min_samples_split: 13
  min_samples_leaf: 9
  min_weight_fraction_leaf: 0.0
  min_impurity_decrease: 0.0418313567232594
  criterion: friedman_mse
  ccp_alpha: 0.0005980097450600343
  dropout_rate: 0.11628190942764594
  validation_fraction: 0.12798706537093268
  n_iter_no_change: null
  tol: 0.006144684627682393
  random_state: 1024
  warm_start: false
  verbose: 0
seed: 1024
cv_n_splits: 5
cv_n_repeats: 10
preprocessing_config:
  eps: 1.0e-06
  min_speed: 0.01
  max_hours: 9999.0
