model_type: gbsa
model_params:
  loss: coxph
  n_estimators: 291
  learning_rate: 0.1082537186034779
  subsample: 0.7027042002989317
  max_depth: 3
  max_features: 0.3
  max_leaf_nodes: null
  min_samples_split: 9
  min_samples_leaf: 11
  min_weight_fraction_leaf: 0.0
  min_impurity_decrease: 0.027184998026666202
  criterion: friedman_mse
  ccp_alpha: 0.0182816883584848
  dropout_rate: 0.02296733735204154
  validation_fraction: 0.21887298130682825
  n_iter_no_change: 20
  tol: 0.0022385413225551308
  random_state: 2023
  warm_start: false
  verbose: 0
seed: 2023
cv_n_splits: 5
cv_n_repeats: 10
preprocessing_config:
  eps: 1.0e-06
  min_speed: 0.01
  max_hours: 9999.0
