model_type: coxnet
model_params:
  l1_ratio: 0.8139023462238024
  alpha_min_ratio: 0.08952658654841653
  n_alphas: 185
  max_iter: 19860
  tol: 2.758858774234122e-06
seed: 42
cv_n_splits: 5
cv_n_repeats: 10
preprocessing_config:
  eps: 1.0e-06
  min_speed: 0.01
  max_hours: 9999.0
