model_type: gbsa
model_params:
  loss: coxph
  n_estimators: 170
  learning_rate: 0.11540740036546787
  subsample: 0.757228113287092
  max_depth: 2
  max_features: 1.0
  max_leaf_nodes: null
  min_samples_split: 18
  min_samples_leaf: 11
  min_weight_fraction_leaf: 0.0
  min_impurity_decrease: 0.04741258614771723
  criterion: friedman_mse
  ccp_alpha: 0.005001797809734485
  dropout_rate: 0.00021831603052688622
  validation_fraction: 0.22633945823101584
  n_iter_no_change: 20
  tol: 0.0007890798163348277
  random_state: 1024
  warm_start: false
  verbose: 0
seed: 1024
cv_n_splits: 5
cv_n_repeats: 10
preprocessing_config:
  eps: 1.0e-06
  min_speed: 0.01
  max_hours: 9999.0
