model_type: coxnet
model_params:
  l1_ratio: 0.9821226964609485
  alpha_min_ratio: 0.05635075019798993
  n_alphas: 102
  max_iter: 11195
  tol: 1.5265685900005975e-05
seed: 1024
cv_n_splits: 5
cv_n_repeats: 10
preprocessing_config:
  eps: 1.0e-06
  min_speed: 0.01
  max_hours: 9999.0
