model_type: coxnet
model_params:
  l1_ratio: 0.8921906020499037
  alpha_min_ratio: 0.07499158982539751
  n_alphas: 298
  max_iter: 1623
  tol: 1.19584462101614e-05
seed: 42
cv_n_splits: 5
cv_n_repeats: 10
preprocessing_config:
  eps: 1.0e-06
  min_speed: 0.01
  max_hours: 9999.0
