model_type: coxnet
model_params:
  l1_ratio: 0.9411219603404233
  alpha_min_ratio: 0.04652598036858398
  n_alphas: 271
  max_iter: 1344
  tol: 7.901353891363943e-05
seed: 42
cv_n_splits: 5
cv_n_repeats: 10
preprocessing_config:
  eps: 1.0e-06
  min_speed: 0.01
  max_hours: 9999.0
