model_type: coxnet
model_params:
  l1_ratio: 0.9550757541554048
  alpha_min_ratio: 0.04477592406564686
  n_alphas: 231
  max_iter: 18955
  tol: 6.54795700255246e-05
seed: 42
cv_n_splits: 5
cv_n_repeats: 10
preprocessing_config:
  eps: 1.0e-06
  min_speed: 0.01
  max_hours: 9999.0
