model_type: coxnet
model_params:
  l1_ratio: 0.9642187753502949
  alpha_min_ratio: 0.07186887236187524
  n_alphas: 247
  max_iter: 14143
  tol: 2.4502373220793678e-06
seed: 42
cv_n_splits: 5
cv_n_repeats: 10
preprocessing_config:
  eps: 1.0e-06
  min_speed: 0.01
  max_hours: 9999.0
