model_type: coxnet
model_params:
  l1_ratio: 0.9541783973766804
  alpha_min_ratio: 0.08077275556873253
  n_alphas: 131
  max_iter: 18832
  tol: 1.0187690311864539e-06
seed: 777
cv_n_splits: 5
cv_n_repeats: 10
preprocessing_config:
  eps: 1.0e-06
  min_speed: 0.01
  max_hours: 9999.0
