model_type: gbsa
model_params:
  loss: coxph
  n_estimators: 398
  learning_rate: 0.02475608806171177
  subsample: 0.5599890672266231
  max_depth: 2
  max_features: 0.7
  max_leaf_nodes: 16
  min_samples_split: 19
  min_samples_leaf: 7
  min_weight_fraction_leaf: 0.0
  min_impurity_decrease: 0.008743776952308463
  criterion: friedman_mse
  ccp_alpha: 2.43156670246339e-07
  dropout_rate: 0.1251395264775888
  validation_fraction: 0.25802870962787666
  n_iter_no_change: null
  tol: 0.0028258121235519144
  random_state: 1024
  warm_start: false
  verbose: 0
seed: 1024
cv_n_splits: 5
cv_n_repeats: 10
preprocessing_config:
  eps: 1.0e-06
  min_speed: 0.01
  max_hours: 9999.0
