model_type: coxnet
model_params:
  l1_ratio: 0.9590977369441355
  alpha_min_ratio: 0.08442104159984344
  n_alphas: 135
  max_iter: 12887
  tol: 1.55475628190029e-07
seed: 1024
cv_n_splits: 5
cv_n_repeats: 10
preprocessing_config:
  eps: 1.0e-06
  min_speed: 0.01
  max_hours: 9999.0
