model_type: coxnet
model_params:
  l1_ratio: 0.9780901231016443
  alpha_min_ratio: 0.057133798196291746
  n_alphas: 209
  max_iter: 19208
  tol: 6.493349285113036e-05
seed: 1024
cv_n_splits: 5
cv_n_repeats: 10
preprocessing_config:
  eps: 1.0e-06
  min_speed: 0.01
  max_hours: 9999.0
