model_type: coxnet
model_params:
  l1_ratio: 0.8371994094419393
  alpha_min_ratio: 0.03936925677125901
  n_alphas: 143
  max_iter: 1401
  tol: 5.643265071132832e-06
seed: 777
cv_n_splits: 5
cv_n_repeats: 10
preprocessing_config:
  eps: 1.0e-06
  min_speed: 0.01
  max_hours: 9999.0
