model_type: coxnet
model_params:
  l1_ratio: 0.20656500784357185
  alpha_min_ratio: 0.010449824025642639
  n_alphas: 60
  max_iter: 1118
  tol: 1.1554650614704711e-08
seed: 777
cv_n_splits: 5
cv_n_repeats: 10
preprocessing_config:
  eps: 1.0e-06
  min_speed: 0.01
  max_hours: 9999.0
