seed: 42
cv_n_splits: 5
cv_n_repeats: 10
gbsa_config:
  loss: coxph
  n_estimators: 116
  learning_rate: 0.0714112635125377
  subsample: 0.7232193718213191
  max_depth: 6
  max_features: 0.7
  max_leaf_nodes: 8
  min_samples_split: 6
  min_samples_leaf: 19
  min_weight_fraction_leaf: 0.0
  min_impurity_decrease: 0.026620680498579272
  criterion: friedman_mse
  ccp_alpha: 0.015679837977736026
  dropout_rate: 0.06583013901667381
  validation_fraction: 0.21270602447273354
  n_iter_no_change: 20
  tol: 2.101834880884913e-05
  random_state: 42
  warm_start: false
  verbose: 0
preprocessing_config:
  eps: 1.0e-06
  min_speed: 0.01
  max_hours: 9999.0
