model_type: coxnet
model_params:
  l1_ratio: 0.960005430259296
  alpha_min_ratio: 0.09954325961030681
  n_alphas: 278
  max_iter: 19248
  tol: 6.674349454031127e-06
seed: 1024
cv_n_splits: 5
cv_n_repeats: 10
preprocessing_config:
  eps: 1.0e-06
  min_speed: 0.01
  max_hours: 9999.0
