model_type: coxnet
model_params:
  l1_ratio: 0.9931207923841583
  alpha_min_ratio: 0.0004006767905665445
  n_alphas: 201
  max_iter: 10241
  tol: 1.526245500294112e-07
seed: 42
cv_n_splits: 5
cv_n_repeats: 10
preprocessing_config:
  eps: 1.0e-06
  min_speed: 0.01
  max_hours: 9999.0
