model_type: coxnet
model_params:
  l1_ratio: 0.9493852492635295
  alpha_min_ratio: 0.00011949171888680519
  n_alphas: 84
  max_iter: 11903
  tol: 9.595526590230146e-05
seed: 2023
cv_n_splits: 5
cv_n_repeats: 10
preprocessing_config:
  eps: 1.0e-06
  min_speed: 0.01
  max_hours: 9999.0
