model_type: coxnet
model_params:
  l1_ratio: 0.8732679499821165
  alpha_min_ratio: 0.0910661376046628
  n_alphas: 60
  max_iter: 5570
  tol: 4.279975756701196e-08
seed: 777
cv_n_splits: 5
cv_n_repeats: 10
preprocessing_config:
  eps: 1.0e-06
  min_speed: 0.01
  max_hours: 9999.0
