seed: 42
cv_n_splits: 5
cv_n_repeats: 10
gbsa_config:
  loss: coxph
  n_estimators: 402
  learning_rate: 0.07209593449294009
  subsample: 0.586886137374487
  max_depth: 4
  max_features: null
  max_leaf_nodes: 63
  min_samples_split: 7
  min_samples_leaf: 19
  min_weight_fraction_leaf: 0.0
  min_impurity_decrease: 0.033135135502655275
  criterion: friedman_mse
  ccp_alpha: 0.04751552572631794
  dropout_rate: 0.1363853369934511
  validation_fraction: 0.13743744162125365
  n_iter_no_change: null
  tol: 0.0010405141456385468
  random_state: 42
  warm_start: false
  verbose: 0
preprocessing_config:
  eps: 1.0e-06
  min_speed: 0.01
  max_hours: 9999.0
