model_type: coxnet
model_params:
  l1_ratio: 0.6725863159025465
  alpha_min_ratio: 0.00947544908183319
  n_alphas: 263
  max_iter: 12148
  tol: 2.0026083947793092e-07
seed: 2023
cv_n_splits: 5
cv_n_repeats: 10
preprocessing_config:
  eps: 1.0e-06
  min_speed: 0.01
  max_hours: 9999.0
