model_type: coxnet
model_params:
  l1_ratio: 0.7981872445603305
  alpha_min_ratio: 0.07422563328118557
  n_alphas: 61
  max_iter: 7356
  tol: 4.825392726564191e-06
seed: 777
cv_n_splits: 5
cv_n_repeats: 10
preprocessing_config:
  eps: 1.0e-06
  min_speed: 0.01
  max_hours: 9999.0
