model_type: coxnet
model_params:
  l1_ratio: 0.27650724085456635
  alpha_min_ratio: 0.0023304810571048366
  n_alphas: 231
  max_iter: 18981
  tol: 1.2014402360283583e-06
seed: 2023
cv_n_splits: 5
cv_n_repeats: 10
preprocessing_config:
  eps: 1.0e-06
  min_speed: 0.01
  max_hours: 9999.0
