model_type: coxnet
model_params:
  l1_ratio: 0.8083973481164611
  alpha_min_ratio: 0.0008200518402245837
  n_alphas: 74
  max_iter: 14001
  tol: 5.762487216478601e-07
seed: 42
cv_n_splits: 5
cv_n_repeats: 10
preprocessing_config:
  eps: 1.0e-06
  min_speed: 0.01
  max_hours: 9999.0
