model_type: coxnet
model_params:
  l1_ratio: 0.9723486561060972
  alpha_min_ratio: 0.06957522776052252
  n_alphas: 281
  max_iter: 16888
  tol: 4.0769862831219784e-05
seed: 1024
cv_n_splits: 5
cv_n_repeats: 10
preprocessing_config:
  eps: 1.0e-06
  min_speed: 0.01
  max_hours: 9999.0
