model_type: coxnet
model_params:
  l1_ratio: 0.8582380752698995
  alpha_min_ratio: 0.08644952584755762
  n_alphas: 122
  max_iter: 17532
  tol: 9.142746393097623e-05
seed: 1024
cv_n_splits: 5
cv_n_repeats: 10
preprocessing_config:
  eps: 1.0e-06
  min_speed: 0.01
  max_hours: 9999.0
