model_type: coxnet
model_params:
  l1_ratio: 0.9902725015041904
  alpha_min_ratio: 0.0964553307231519
  n_alphas: 299
  max_iter: 503
  tol: 2.975779603269922e-06
seed: 42
cv_n_splits: 5
cv_n_repeats: 10
preprocessing_config:
  eps: 1.0e-06
  min_speed: 0.01
  max_hours: 9999.0
