model_type: coxnet
model_params:
  l1_ratio: 0.7663445765619952
  alpha_min_ratio: 0.00017789639705321006
  n_alphas: 295
  max_iter: 13661
  tol: 2.0746255944982846e-05
seed: 777
cv_n_splits: 5
cv_n_repeats: 10
preprocessing_config:
  eps: 1.0e-06
  min_speed: 0.01
  max_hours: 9999.0
