model_type: gbsa
model_params:
  loss: coxph
  n_estimators: 146
  learning_rate: 0.04450602124712135
  subsample: 0.7628275980686152
  max_depth: 1
  max_features: sqrt
  max_leaf_nodes: 31
  min_samples_split: 12
  min_samples_leaf: 7
  min_weight_fraction_leaf: 0.0
  min_impurity_decrease: 0.016494451538975833
  criterion: friedman_mse
  ccp_alpha: 3.4657584165317155e-06
  dropout_rate: 0.008271744332926309
  validation_fraction: 0.1583039001948416
  n_iter_no_change: null
  tol: 0.0013178678342805322
  random_state: 1024
  warm_start: false
  verbose: 0
seed: 1024
cv_n_splits: 5
cv_n_repeats: 10
preprocessing_config:
  eps: 1.0e-06
  min_speed: 0.01
  max_hours: 9999.0
