model_type: coxnet
model_params:
  l1_ratio: 0.9961554296584075
  alpha_min_ratio: 0.07808070512479487
  n_alphas: 138
  max_iter: 12175
  tol: 1.6258989053285415e-06
seed: 777
cv_n_splits: 5
cv_n_repeats: 10
preprocessing_config:
  eps: 1.0e-06
  min_speed: 0.01
  max_hours: 9999.0
