model_type: gbsa
model_params:
  loss: coxph
  n_estimators: 321
  learning_rate: 0.08871254035035282
  subsample: 0.6093375284465603
  max_depth: 6
  max_features: null
  max_leaf_nodes: 16
  min_samples_split: 8
  min_samples_leaf: 17
  min_weight_fraction_leaf: 0.0
  min_impurity_decrease: 0.019727502766313038
  criterion: friedman_mse
  ccp_alpha: 7.67029385127152e-06
  dropout_rate: 0.002090259187194311
  validation_fraction: 0.1289978647529648
  n_iter_no_change: null
  tol: 0.0008031071981123911
  random_state: 2023
  warm_start: false
  verbose: 0
seed: 2023
cv_n_splits: 5
cv_n_repeats: 10
preprocessing_config:
  eps: 1.0e-06
  min_speed: 0.01
  max_hours: 9999.0
