model_type: gbsa
model_params:
  loss: coxph
  n_estimators: 352
  learning_rate: 0.1573858536438632
  subsample: 0.8116990793365577
  max_depth: 4
  max_features: 0.5
  max_leaf_nodes: 16
  min_samples_split: 14
  min_samples_leaf: 3
  min_weight_fraction_leaf: 0.0
  min_impurity_decrease: 0.028405243711076986
  criterion: friedman_mse
  ccp_alpha: 0.03363605302231545
  dropout_rate: 0.003636876913473931
  validation_fraction: 0.18786218102647964
  n_iter_no_change: null
  tol: 1.3344270852405232e-05
  random_state: 777
  warm_start: false
  verbose: 0
seed: 777
cv_n_splits: 5
cv_n_repeats: 10
preprocessing_config:
  eps: 1.0e-06
  min_speed: 0.01
  max_hours: 9999.0
