model_type: coxnet
model_params:
  l1_ratio: 0.2229280989962561
  alpha_min_ratio: 0.00036251651897019875
  n_alphas: 148
  max_iter: 4670
  tol: 2.777433858018924e-06
seed: 777
cv_n_splits: 5
cv_n_repeats: 10
preprocessing_config:
  eps: 1.0e-06
  min_speed: 0.01
  max_hours: 9999.0
