model_type: coxnet
model_params:
  l1_ratio: 0.9452194115968703
  alpha_min_ratio: 0.08216972756900855
  n_alphas: 300
  max_iter: 19957
  tol: 2.8717855077250362e-05
seed: 1024
cv_n_splits: 5
cv_n_repeats: 10
preprocessing_config:
  eps: 1.0e-06
  min_speed: 0.01
  max_hours: 9999.0
