model_type: coxnet
model_params:
  l1_ratio: 0.8690823301222782
  alpha_min_ratio: 0.03879250047591089
  n_alphas: 57
  max_iter: 9805
  tol: 9.951354563436191e-07
seed: 777
cv_n_splits: 5
cv_n_repeats: 10
preprocessing_config:
  eps: 1.0e-06
  min_speed: 0.01
  max_hours: 9999.0
