model_type: gbsa
model_params:
  loss: coxph
  n_estimators: 357
  learning_rate: 0.09327851629633405
  subsample: 0.7502949174883292
  max_depth: 2
  max_features: 0.3
  max_leaf_nodes: 63
  min_samples_split: 14
  min_samples_leaf: 12
  min_weight_fraction_leaf: 0.0
  min_impurity_decrease: 0.040102230967347614
  criterion: friedman_mse
  ccp_alpha: 0.0003576542008140505
  dropout_rate: 0.08489749237760504
  validation_fraction: 0.22361767389286955
  n_iter_no_change: null
  tol: 5.9946663686463824e-05
  random_state: 1024
  warm_start: false
  verbose: 0
seed: 1024
cv_n_splits: 5
cv_n_repeats: 10
preprocessing_config:
  eps: 1.0e-06
  min_speed: 0.01
  max_hours: 9999.0
