model_type: coxnet
model_params:
  l1_ratio: 0.976750376810772
  alpha_min_ratio: 0.054924132525918094
  n_alphas: 253
  max_iter: 478
  tol: 3.6424371441465535e-07
seed: 42
cv_n_splits: 5
cv_n_repeats: 10
preprocessing_config:
  eps: 1.0e-06
  min_speed: 0.01
  max_hours: 9999.0
