seed: 42
cv_n_splits: 5
cv_n_repeats: 10
gbsa_config:
  loss: coxph
  n_estimators: 362
  learning_rate: 0.03200769113953085
  subsample: 0.651910165855468
  max_depth: 6
  max_features: sqrt
  max_leaf_nodes: 31
  min_samples_split: 6
  min_samples_leaf: 11
  min_weight_fraction_leaf: 0.0
  min_impurity_decrease: 0.02584614628474357
  criterion: friedman_mse
  ccp_alpha: 0.0001353279765015332
  dropout_rate: 0.0032491159868984886
  validation_fraction: 0.2608794152896854
  n_iter_no_change: null
  tol: 6.0056064669197734e-05
  random_state: 42
  warm_start: false
  verbose: 0
preprocessing_config:
  eps: 1.0e-06
  min_speed: 0.01
  max_hours: 9999.0
