model_type: coxnet
model_params:
  l1_ratio: 0.8495716833233179
  alpha_min_ratio: 0.03812254189120542
  n_alphas: 192
  max_iter: 14184
  tol: 6.0094713616419125e-06
seed: 2023
cv_n_splits: 5
cv_n_repeats: 10
preprocessing_config:
  eps: 1.0e-06
  min_speed: 0.01
  max_hours: 9999.0
