model_type: coxnet
model_params:
  l1_ratio: 0.9927314089342402
  alpha_min_ratio: 0.06907889184162977
  n_alphas: 265
  max_iter: 1048
  tol: 4.553513879682719e-06
seed: 42
cv_n_splits: 5
cv_n_repeats: 10
preprocessing_config:
  eps: 1.0e-06
  min_speed: 0.01
  max_hours: 9999.0
