model_type: coxnet
model_params:
  l1_ratio: 0.9907944089531702
  alpha_min_ratio: 0.04497324699811709
  n_alphas: 298
  max_iter: 16834
  tol: 1.689121960359246e-05
seed: 1024
cv_n_splits: 5
cv_n_repeats: 10
preprocessing_config:
  eps: 1.0e-06
  min_speed: 0.01
  max_hours: 9999.0
