model_type: coxnet
model_params:
  l1_ratio: 0.9946386822211358
  alpha_min_ratio: 0.03382046963976473
  n_alphas: 261
  max_iter: 11932
  tol: 4.073559265629769e-05
seed: 1024
cv_n_splits: 5
cv_n_repeats: 10
preprocessing_config:
  eps: 1.0e-06
  min_speed: 0.01
  max_hours: 9999.0
