model_type: coxnet
model_params:
  l1_ratio: 0.9028681525964316
  alpha_min_ratio: 0.02874177103315864
  n_alphas: 107
  max_iter: 14134
  tol: 4.644357843406638e-08
seed: 1024
cv_n_splits: 5
cv_n_repeats: 10
preprocessing_config:
  eps: 1.0e-06
  min_speed: 0.01
  max_hours: 9999.0
