model_type: coxnet
model_params:
  l1_ratio: 0.9232842236732787
  alpha_min_ratio: 0.046585350351736894
  n_alphas: 195
  max_iter: 12583
  tol: 7.545879131869858e-07
seed: 777
cv_n_splits: 5
cv_n_repeats: 10
preprocessing_config:
  eps: 1.0e-06
  min_speed: 0.01
  max_hours: 9999.0
