model_type: coxnet
model_params:
  l1_ratio: 0.4744066855232849
  alpha_min_ratio: 0.0019073925943618435
  n_alphas: 297
  max_iter: 1544
  tol: 2.7367668388548473e-07
seed: 42
cv_n_splits: 5
cv_n_repeats: 10
preprocessing_config:
  eps: 1.0e-06
  min_speed: 0.01
  max_hours: 9999.0
