model_type: coxnet
model_params:
  l1_ratio: 0.23377777891975032
  alpha_min_ratio: 0.0001356345927749301
  n_alphas: 292
  max_iter: 13258
  tol: 1.285190086718932e-07
seed: 2023
cv_n_splits: 5
cv_n_repeats: 10
preprocessing_config:
  eps: 1.0e-06
  min_speed: 0.01
  max_hours: 9999.0
