model_type: gbsa
model_params:
  loss: coxph
  n_estimators: 487
  learning_rate: 0.014632509016664463
  subsample: 0.7028285385545403
  max_depth: 3
  max_features: 0.3
  max_leaf_nodes: 16
  min_samples_split: 18
  min_samples_leaf: 19
  min_weight_fraction_leaf: 0.0
  min_impurity_decrease: 0.003033734117272672
  criterion: friedman_mse
  ccp_alpha: 0.00021455397993068887
  dropout_rate: 0.04690015164996891
  validation_fraction: 0.1723967757036939
  n_iter_no_change: null
  tol: 0.0008877516779216572
  random_state: 2023
  warm_start: false
  verbose: 0
seed: 2023
cv_n_splits: 5
cv_n_repeats: 10
preprocessing_config:
  eps: 1.0e-06
  min_speed: 0.01
  max_hours: 9999.0
