model_type: coxnet
model_params:
  l1_ratio: 0.9645473756329315
  alpha_min_ratio: 0.041446486266375836
  n_alphas: 154
  max_iter: 161
  tol: 2.5788613453789466e-07
seed: 42
cv_n_splits: 5
cv_n_repeats: 10
preprocessing_config:
  eps: 1.0e-06
  min_speed: 0.01
  max_hours: 9999.0
