model_type: coxnet
model_params:
  l1_ratio: 0.41943999453097625
  alpha_min_ratio: 0.05146364646711945
  n_alphas: 52
  max_iter: 9260
  tol: 3.076482943327949e-06
seed: 42
cv_n_splits: 5
cv_n_repeats: 10
preprocessing_config:
  eps: 1.0e-06
  min_speed: 0.01
  max_hours: 9999.0
