model_type: gbsa
model_params:
  loss: coxph
  n_estimators: 305
  learning_rate: 0.040141889536209875
  subsample: 0.535201440723436
  max_depth: 3
  max_features: log2
  max_leaf_nodes: 63
  min_samples_split: 14
  min_samples_leaf: 17
  min_weight_fraction_leaf: 0.0
  min_impurity_decrease: 0.009116616750667073
  criterion: friedman_mse
  ccp_alpha: 0.0024019807922443636
  dropout_rate: 0.06689015403451154
  validation_fraction: 0.23211508349273707
  n_iter_no_change: null
  tol: 0.0063945209940404965
  random_state: 2023
  warm_start: false
  verbose: 0
seed: 2023
cv_n_splits: 5
cv_n_repeats: 10
preprocessing_config:
  eps: 1.0e-06
  min_speed: 0.01
  max_hours: 9999.0
