model_type: gbsa
model_params:
  loss: coxph
  n_estimators: 361
  learning_rate: 0.05362315544864684
  subsample: 0.55313514691391
  max_depth: 4
  max_features: null
  max_leaf_nodes: 16
  min_samples_split: 12
  min_samples_leaf: 10
  min_weight_fraction_leaf: 0.0
  min_impurity_decrease: 0.028302772708033944
  criterion: friedman_mse
  ccp_alpha: 4.3435393665891445e-08
  dropout_rate: 0.023683217880481215
  validation_fraction: 0.19490391108983116
  n_iter_no_change: null
  tol: 1.3306866902271594e-05
  random_state: 2023
  warm_start: false
  verbose: 0
seed: 2023
cv_n_splits: 5
cv_n_repeats: 10
preprocessing_config:
  eps: 1.0e-06
  min_speed: 0.01
  max_hours: 9999.0
