model_type: gbsa
model_params:
  loss: coxph
  n_estimators: 339
  learning_rate: 0.07820505772818244
  subsample: 0.5084916037838201
  max_depth: 2
  max_features: 0.7
  max_leaf_nodes: 63
  min_samples_split: 16
  min_samples_leaf: 16
  min_weight_fraction_leaf: 0.0
  min_impurity_decrease: 0.01896704433077606
  criterion: friedman_mse
  ccp_alpha: 1.389296639238653e-06
  dropout_rate: 0.03243940955113435
  validation_fraction: 0.25470649023950465
  n_iter_no_change: null
  tol: 0.0014702530156530899
  random_state: 2023
  warm_start: false
  verbose: 0
seed: 2023
cv_n_splits: 5
cv_n_repeats: 10
preprocessing_config:
  eps: 1.0e-06
  min_speed: 0.01
  max_hours: 9999.0
