model_type: gbsa
model_params:
  loss: coxph
  n_estimators: 361
  learning_rate: 0.08007908689856535
  subsample: 0.6156183048908556
  max_depth: 1
  max_features: sqrt
  max_leaf_nodes: 16
  min_samples_split: 14
  min_samples_leaf: 15
  min_weight_fraction_leaf: 0.0
  min_impurity_decrease: 0.04685713836434502
  criterion: friedman_mse
  ccp_alpha: 2.5947303361175972e-06
  dropout_rate: 0.07685863582754605
  validation_fraction: 0.16120176640908856
  n_iter_no_change: null
  tol: 4.0924291215800955e-05
  random_state: 2023
  warm_start: false
  verbose: 0
seed: 2023
cv_n_splits: 5
cv_n_repeats: 10
preprocessing_config:
  eps: 1.0e-06
  min_speed: 0.01
  max_hours: 9999.0
