model_type: gbsa
model_params:
  loss: coxph
  n_estimators: 346
  learning_rate: 0.13134596794085907
  subsample: 0.9212377870409584
  max_depth: 2
  max_features: 0.3
  max_leaf_nodes: 16
  min_samples_split: 10
  min_samples_leaf: 5
  min_weight_fraction_leaf: 0.0
  min_impurity_decrease: 0.02416200945244964
  criterion: friedman_mse
  ccp_alpha: 0.00018007174577264814
  dropout_rate: 0.0355613035161941
  validation_fraction: 0.1929832284037671
  n_iter_no_change: null
  tol: 0.0011483740936245638
  random_state: 1024
  warm_start: false
  verbose: 0
seed: 1024
cv_n_splits: 5
cv_n_repeats: 10
preprocessing_config:
  eps: 1.0e-06
  min_speed: 0.01
  max_hours: 9999.0
