seed: 42
cv_n_splits: 5
cv_n_repeats: 10
gbsa_config:
  loss: coxph
  n_estimators: 464
  learning_rate: 0.07489195042342316
  subsample: 0.7604633904691044
  max_depth: 6
  max_features: 1.0
  max_leaf_nodes: null
  min_samples_split: 6
  min_samples_leaf: 20
  min_weight_fraction_leaf: 0.0
  min_impurity_decrease: 0.006044911649783956
  criterion: friedman_mse
  ccp_alpha: 0.01012670254472522
  dropout_rate: 0.15110630396389865
  validation_fraction: 0.14811461435893197
  n_iter_no_change: null
  tol: 1.6438943480324382e-05
  random_state: 42
  warm_start: false
  verbose: 0
preprocessing_config:
  eps: 1.0e-06
  min_speed: 0.01
  max_hours: 9999.0
