model_type: coxnet
model_params:
  l1_ratio: 0.8897215711742071
  alpha_min_ratio: 0.09920818277210601
  n_alphas: 133
  max_iter: 15573
  tol: 9.031332552008538e-06
seed: 777
cv_n_splits: 5
cv_n_repeats: 10
preprocessing_config:
  eps: 1.0e-06
  min_speed: 0.01
  max_hours: 9999.0
