model_type: gbsa
model_params:
  loss: coxph
  n_estimators: 186
  learning_rate: 0.14897995353719568
  subsample: 0.7239656379219678
  max_depth: 1
  max_features: 0.3
  max_leaf_nodes: 31
  min_samples_split: 11
  min_samples_leaf: 5
  min_weight_fraction_leaf: 0.0
  min_impurity_decrease: 0.02368850062536191
  criterion: friedman_mse
  ccp_alpha: 8.080368362673591e-05
  dropout_rate: 0.005560933093786854
  validation_fraction: 0.10221800900351395
  n_iter_no_change: null
  tol: 0.0013711163684377566
  random_state: 1024
  warm_start: false
  verbose: 0
seed: 1024
cv_n_splits: 5
cv_n_repeats: 10
preprocessing_config:
  eps: 1.0e-06
  min_speed: 0.01
  max_hours: 9999.0
