model_type: coxnet
model_params:
  l1_ratio: 0.2596435948009827
  alpha_min_ratio: 0.0002490560594995723
  n_alphas: 264
  max_iter: 1864
  tol: 2.5970138932715268e-06
seed: 777
cv_n_splits: 5
cv_n_repeats: 10
preprocessing_config:
  eps: 1.0e-06
  min_speed: 0.01
  max_hours: 9999.0
