model_type: coxnet
model_params:
  l1_ratio: 0.5547484516279678
  alpha_min_ratio: 0.03637644774240568
  n_alphas: 59
  max_iter: 4377
  tol: 7.316442564908962e-08
seed: 2023
cv_n_splits: 5
cv_n_repeats: 10
preprocessing_config:
  eps: 1.0e-06
  min_speed: 0.01
  max_hours: 9999.0
