model_type: coxnet
model_params:
  l1_ratio: 0.7692899450887938
  alpha_min_ratio: 0.03974126331877355
  n_alphas: 295
  max_iter: 16528
  tol: 2.3700227267211865e-06
seed: 42
cv_n_splits: 5
cv_n_repeats: 10
preprocessing_config:
  eps: 1.0e-06
  min_speed: 0.01
  max_hours: 9999.0
