model_type: gbsa
model_params:
  loss: coxph
  n_estimators: 337
  learning_rate: 0.059129151799642746
  subsample: 0.6122034063572875
  max_depth: 4
  max_features: log2
  max_leaf_nodes: 63
  min_samples_split: 18
  min_samples_leaf: 9
  min_weight_fraction_leaf: 0.0
  min_impurity_decrease: 0.027580159221399482
  criterion: friedman_mse
  ccp_alpha: 0.06826240582966597
  dropout_rate: 0.02315921709573277
  validation_fraction: 0.239170615336123
  n_iter_no_change: null
  tol: 0.00011461909205776582
  random_state: 777
  warm_start: false
  verbose: 0
seed: 777
cv_n_splits: 5
cv_n_repeats: 10
preprocessing_config:
  eps: 1.0e-06
  min_speed: 0.01
  max_hours: 9999.0
