model_type: coxnet
model_params:
  l1_ratio: 0.8604521470026135
  alpha_min_ratio: 0.08870447210244614
  n_alphas: 112
  max_iter: 7210
  tol: 2.8734574108915166e-05
seed: 777
cv_n_splits: 5
cv_n_repeats: 10
preprocessing_config:
  eps: 1.0e-06
  min_speed: 0.01
  max_hours: 9999.0
