model_type: gbsa
model_params:
  loss: coxph
  n_estimators: 384
  learning_rate: 0.0754899422331641
  subsample: 0.5640253128038392
  max_depth: 2
  max_features: 0.3
  max_leaf_nodes: 16
  min_samples_split: 20
  min_samples_leaf: 19
  min_weight_fraction_leaf: 0.0
  min_impurity_decrease: 0.034090505144801886
  criterion: friedman_mse
  ccp_alpha: 0.0003699878362508731
  dropout_rate: 0.19325448937587758
  validation_fraction: 0.2092149746263833
  n_iter_no_change: null
  tol: 0.00010952641013464979
  random_state: 2023
  warm_start: false
  verbose: 0
seed: 2023
cv_n_splits: 5
cv_n_repeats: 10
preprocessing_config:
  eps: 1.0e-06
  min_speed: 0.01
  max_hours: 9999.0
