model_type: coxnet
model_params:
  l1_ratio: 0.5607564490611979
  alpha_min_ratio: 0.03099938112343838
  n_alphas: 79
  max_iter: 4775
  tol: 1.5993204930266885e-06
seed: 1024
cv_n_splits: 5
cv_n_repeats: 10
preprocessing_config:
  eps: 1.0e-06
  min_speed: 0.01
  max_hours: 9999.0
