seed: 42
cv_n_splits: 5
cv_n_repeats: 10
gbsa_config:
  loss: coxph
  n_estimators: 341
  learning_rate: 0.03399768728842898
  subsample: 0.5498899785898598
  max_depth: 4
  max_features: log2
  max_leaf_nodes: null
  min_samples_split: 9
  min_samples_leaf: 9
  min_weight_fraction_leaf: 0.0
  min_impurity_decrease: 0.03307633862298012
  criterion: friedman_mse
  ccp_alpha: 0.01371138247931136
  dropout_rate: 0.14371998794927057
  validation_fraction: 0.14098447036163816
  n_iter_no_change: null
  tol: 0.0003506453946168551
  random_state: 42
  warm_start: false
  verbose: 0
preprocessing_config:
  eps: 1.0e-06
  min_speed: 0.01
  max_hours: 9999.0
