model_type: gbsa
model_params:
  loss: coxph
  n_estimators: 152
  learning_rate: 0.17687428490199697
  subsample: 0.7524781641544591
  max_depth: 5
  max_features: log2
  max_leaf_nodes: 63
  min_samples_split: 19
  min_samples_leaf: 2
  min_weight_fraction_leaf: 0.0
  min_impurity_decrease: 0.020991586967677563
  criterion: friedman_mse
  ccp_alpha: 0.0028204559838270324
  dropout_rate: 0.04298616836205095
  validation_fraction: 0.2624667789861713
  n_iter_no_change: null
  tol: 0.003916853656811844
  random_state: 1024
  warm_start: false
  verbose: 0
seed: 1024
cv_n_splits: 5
cv_n_repeats: 10
preprocessing_config:
  eps: 1.0e-06
  min_speed: 0.01
  max_hours: 9999.0
