model_type: coxnet
model_params:
  l1_ratio: 0.9629595317364461
  alpha_min_ratio: 0.09728054989670036
  n_alphas: 232
  max_iter: 18503
  tol: 6.190552902820503e-05
seed: 1024
cv_n_splits: 5
cv_n_repeats: 10
preprocessing_config:
  eps: 1.0e-06
  min_speed: 0.01
  max_hours: 9999.0
