model_type: coxnet
model_params:
  l1_ratio: 0.9919913367636913
  alpha_min_ratio: 0.04031401108311786
  n_alphas: 251
  max_iter: 442
  tol: 3.3426165687643205e-06
seed: 42
cv_n_splits: 5
cv_n_repeats: 10
preprocessing_config:
  eps: 1.0e-06
  min_speed: 0.01
  max_hours: 9999.0
