model_type: coxnet
model_params:
  l1_ratio: 0.8532719970339157
  alpha_min_ratio: 0.04068995631956218
  n_alphas: 276
  max_iter: 1573
  tol: 2.0210006121983684e-07
seed: 42
cv_n_splits: 5
cv_n_repeats: 10
preprocessing_config:
  eps: 1.0e-06
  min_speed: 0.01
  max_hours: 9999.0
