model_type: coxnet
model_params:
  l1_ratio: 0.9952399953519557
  alpha_min_ratio: 0.06828439719860069
  n_alphas: 252
  max_iter: 10614
  tol: 1.5197539176256468e-07
seed: 2023
cv_n_splits: 5
cv_n_repeats: 10
preprocessing_config:
  eps: 1.0e-06
  min_speed: 0.01
  max_hours: 9999.0
