seed: 42
cv_n_splits: 5
cv_n_repeats: 10
gbsa_config:
  loss: coxph
  n_estimators: 352
  learning_rate: 0.07295180620118645
  subsample: 0.5443483297574272
  max_depth: 5
  max_features: 1.0
  max_leaf_nodes: 8
  min_samples_split: 14
  min_samples_leaf: 20
  min_weight_fraction_leaf: 0.0
  min_impurity_decrease: 0.04517958994409963
  criterion: friedman_mse
  ccp_alpha: 0.0005753972156610015
  dropout_rate: 0.14845504428333423
  validation_fraction: 0.21658456365834286
  n_iter_no_change: null
  tol: 2.3191161736621273e-05
  random_state: 42
  warm_start: false
  verbose: 0
preprocessing_config:
  eps: 1.0e-06
  min_speed: 0.01
  max_hours: 9999.0
