model_type: coxnet
model_params:
  l1_ratio: 0.7673362544108697
  alpha_min_ratio: 0.09654206904535169
  n_alphas: 252
  max_iter: 658
  tol: 9.939792485976933e-05
seed: 42
cv_n_splits: 5
cv_n_repeats: 10
preprocessing_config:
  eps: 1.0e-06
  min_speed: 0.01
  max_hours: 9999.0
