model_type: coxnet
model_params:
  l1_ratio: 0.9365203884280294
  alpha_min_ratio: 0.009369314871058368
  n_alphas: 273
  max_iter: 8003
  tol: 8.847623018270966e-06
seed: 1024
cv_n_splits: 5
cv_n_repeats: 10
preprocessing_config:
  eps: 1.0e-06
  min_speed: 0.01
  max_hours: 9999.0
