model_type: coxnet
model_params:
  l1_ratio: 0.9063697565444051
  alpha_min_ratio: 0.025753285915704954
  n_alphas: 52
  max_iter: 14224
  tol: 1.6116896601759396e-05
seed: 777
cv_n_splits: 5
cv_n_repeats: 10
preprocessing_config:
  eps: 1.0e-06
  min_speed: 0.01
  max_hours: 9999.0
