model_type: gbsa
model_params:
  loss: coxph
  n_estimators: 318
  learning_rate: 0.0027342999905110342
  subsample: 0.7135821852863218
  max_depth: 5
  max_features: 0.3
  max_leaf_nodes: 16
  min_samples_split: 5
  min_samples_leaf: 11
  min_weight_fraction_leaf: 0.0
  min_impurity_decrease: 0.04527889585480159
  criterion: friedman_mse
  ccp_alpha: 8.686405944613586e-07
  dropout_rate: 0.36296135518900785
  validation_fraction: 0.2555402727599002
  n_iter_no_change: 5
  tol: 4.755288425455669e-05
  random_state: 1024
  warm_start: false
  verbose: 0
seed: 1024
cv_n_splits: 5
cv_n_repeats: 10
preprocessing_config:
  eps: 1.0e-06
  min_speed: 0.01
  max_hours: 9999.0
