model_type: coxnet
model_params:
  l1_ratio: 0.058933088728433114
  alpha_min_ratio: 0.0002155596632999808
  n_alphas: 158
  max_iter: 857
  tol: 1.2004402707035377e-08
seed: 42
cv_n_splits: 5
cv_n_repeats: 10
preprocessing_config:
  eps: 1.0e-06
  min_speed: 0.01
  max_hours: 9999.0
