model_type: coxnet
model_params:
  l1_ratio: 0.9768685657853026
  alpha_min_ratio: 0.06541285465635042
  n_alphas: 300
  max_iter: 18165
  tol: 8.299775696869118e-05
seed: 1024
cv_n_splits: 5
cv_n_repeats: 10
preprocessing_config:
  eps: 1.0e-06
  min_speed: 0.01
  max_hours: 9999.0
