model_type: coxnet
model_params:
  l1_ratio: 0.8900059453863287
  alpha_min_ratio: 0.011390654176683224
  n_alphas: 252
  max_iter: 3882
  tol: 1.5139070780690978e-08
seed: 1024
cv_n_splits: 5
cv_n_repeats: 10
preprocessing_config:
  eps: 1.0e-06
  min_speed: 0.01
  max_hours: 9999.0
