model_type: gbsa
model_params:
  loss: coxph
  n_estimators: 494
  learning_rate: 0.16821357192983477
  subsample: 0.7278095912719267
  max_depth: 1
  max_features: log2
  max_leaf_nodes: 31
  min_samples_split: 15
  min_samples_leaf: 6
  min_weight_fraction_leaf: 0.0
  min_impurity_decrease: 0.025139509497507352
  criterion: friedman_mse
  ccp_alpha: 7.371857183044217e-08
  dropout_rate: 0.03967503579726126
  validation_fraction: 0.22696900616610918
  n_iter_no_change: 20
  tol: 1.4297106068917259e-05
  random_state: 2023
  warm_start: false
  verbose: 0
seed: 2023
cv_n_splits: 5
cv_n_repeats: 10
preprocessing_config:
  eps: 1.0e-06
  min_speed: 0.01
  max_hours: 9999.0
