model_type: coxnet
model_params:
  l1_ratio: 0.31345442397838696
  alpha_min_ratio: 0.0013800267186532674
  n_alphas: 126
  max_iter: 16244
  tol: 9.494348115424084e-05
seed: 42
cv_n_splits: 5
cv_n_repeats: 10
preprocessing_config:
  eps: 1.0e-06
  min_speed: 0.01
  max_hours: 9999.0
