model_type: coxnet
model_params:
  l1_ratio: 0.9528340541495517
  alpha_min_ratio: 0.015100422093044392
  n_alphas: 240
  max_iter: 19510
  tol: 6.75803687558311e-06
seed: 42
cv_n_splits: 5
cv_n_repeats: 10
preprocessing_config:
  eps: 1.0e-06
  min_speed: 0.01
  max_hours: 9999.0
