model_type: coxnet
model_params:
  l1_ratio: 0.9976312687891402
  alpha_min_ratio: 0.03752528497207495
  n_alphas: 100
  max_iter: 13742
  tol: 5.130510760109354e-06
seed: 777
cv_n_splits: 5
cv_n_repeats: 10
preprocessing_config:
  eps: 1.0e-06
  min_speed: 0.01
  max_hours: 9999.0
