model_type: coxnet
model_params:
  l1_ratio: 0.7790116708025243
  alpha_min_ratio: 0.04205720298639868
  n_alphas: 203
  max_iter: 12547
  tol: 8.86884165017221e-05
seed: 777
cv_n_splits: 5
cv_n_repeats: 10
preprocessing_config:
  eps: 1.0e-06
  min_speed: 0.01
  max_hours: 9999.0
