model_type: coxnet
model_params:
  l1_ratio: 0.8507370826577928
  alpha_min_ratio: 0.056197680643839766
  n_alphas: 298
  max_iter: 16778
  tol: 9.35969979312303e-05
seed: 1024
cv_n_splits: 5
cv_n_repeats: 10
preprocessing_config:
  eps: 1.0e-06
  min_speed: 0.01
  max_hours: 9999.0
