model_type: gbsa
model_params:
  loss: coxph
  n_estimators: 410
  learning_rate: 0.09409293136388852
  subsample: 0.6118212171607804
  max_depth: 5
  max_features: 1.0
  max_leaf_nodes: 8
  min_samples_split: 10
  min_samples_leaf: 10
  min_weight_fraction_leaf: 0.0
  min_impurity_decrease: 0.042380919946825954
  criterion: friedman_mse
  ccp_alpha: 0.00831264219885682
  dropout_rate: 0.01834606554431039
  validation_fraction: 0.2784585399205449
  n_iter_no_change: null
  tol: 5.7072911758072164e-05
  random_state: 777
  warm_start: false
  verbose: 0
seed: 777
cv_n_splits: 5
cv_n_repeats: 10
preprocessing_config:
  eps: 1.0e-06
  min_speed: 0.01
  max_hours: 9999.0
