model_type: coxnet
model_params:
  l1_ratio: 0.9890908488374859
  alpha_min_ratio: 0.02903318233589877
  n_alphas: 206
  max_iter: 1741
  tol: 8.042526632754471e-05
seed: 42
cv_n_splits: 5
cv_n_repeats: 10
preprocessing_config:
  eps: 1.0e-06
  min_speed: 0.01
  max_hours: 9999.0
