model_type: coxnet
model_params:
  l1_ratio: 0.8058754585776703
  alpha_min_ratio: 0.04619316913384163
  n_alphas: 147
  max_iter: 11936
  tol: 3.34409108203733e-07
seed: 777
cv_n_splits: 5
cv_n_repeats: 10
preprocessing_config:
  eps: 1.0e-06
  min_speed: 0.01
  max_hours: 9999.0
