model_type: coxnet
model_params:
  l1_ratio: 0.5933525616226637
  alpha_min_ratio: 0.050089425205535706
  n_alphas: 161
  max_iter: 7019
  tol: 4.924101959924654e-05
seed: 1024
cv_n_splits: 5
cv_n_repeats: 10
preprocessing_config:
  eps: 1.0e-06
  min_speed: 0.01
  max_hours: 9999.0
