model_type: gbsa
model_params:
  loss: coxph
  n_estimators: 88
  learning_rate: 0.17035627151987917
  subsample: 0.9233703693738213
  max_depth: 4
  max_features: null
  max_leaf_nodes: null
  min_samples_split: 13
  min_samples_leaf: 13
  min_weight_fraction_leaf: 0.0
  min_impurity_decrease: 0.025887196532168772
  criterion: friedman_mse
  ccp_alpha: 2.5763545116361724e-06
  dropout_rate: 0.0693329416784344
  validation_fraction: 0.23040905956006083
  n_iter_no_change: null
  tol: 0.008750476774219399
  random_state: 2023
  warm_start: false
  verbose: 0
seed: 2023
cv_n_splits: 5
cv_n_repeats: 10
preprocessing_config:
  eps: 1.0e-06
  min_speed: 0.01
  max_hours: 9999.0
