model_type: coxnet
model_params:
  l1_ratio: 0.9313132091169771
  alpha_min_ratio: 0.09024192317403118
  n_alphas: 111
  max_iter: 6396
  tol: 4.6033874608300196e-05
seed: 777
cv_n_splits: 5
cv_n_repeats: 10
preprocessing_config:
  eps: 1.0e-06
  min_speed: 0.01
  max_hours: 9999.0
