model_type: coxnet
model_params:
  l1_ratio: 0.956176762101327
  alpha_min_ratio: 0.03935408753957613
  n_alphas: 97
  max_iter: 15124
  tol: 4.562459814645711e-07
seed: 2023
cv_n_splits: 5
cv_n_repeats: 10
preprocessing_config:
  eps: 1.0e-06
  min_speed: 0.01
  max_hours: 9999.0
