model_type: gbsa
model_params:
  loss: coxph
  n_estimators: 257
  learning_rate: 0.08636478550354752
  subsample: 0.6092630135567793
  max_depth: 3
  max_features: 0.3
  max_leaf_nodes: null
  min_samples_split: 9
  min_samples_leaf: 10
  min_weight_fraction_leaf: 0.0
  min_impurity_decrease: 0.015378949610752058
  criterion: friedman_mse
  ccp_alpha: 0.013160690366905512
  dropout_rate: 0.08809367452106497
  validation_fraction: 0.22770952105104972
  n_iter_no_change: 20
  tol: 0.0014884688616842497
  random_state: 2023
  warm_start: false
  verbose: 0
seed: 2023
cv_n_splits: 5
cv_n_repeats: 10
preprocessing_config:
  eps: 1.0e-06
  min_speed: 0.01
  max_hours: 9999.0
