model_type: coxnet
model_params:
  l1_ratio: 0.8521252242909891
  alpha_min_ratio: 0.04526133863656354
  n_alphas: 247
  max_iter: 11377
  tol: 7.177081066624069e-05
seed: 1024
cv_n_splits: 5
cv_n_repeats: 10
preprocessing_config:
  eps: 1.0e-06
  min_speed: 0.01
  max_hours: 9999.0
