model_type: coxnet
model_params:
  l1_ratio: 0.9284137579964777
  alpha_min_ratio: 0.0525244539572158
  n_alphas: 282
  max_iter: 19122
  tol: 9.957389946652254e-07
seed: 42
cv_n_splits: 5
cv_n_repeats: 10
preprocessing_config:
  eps: 1.0e-06
  min_speed: 0.01
  max_hours: 9999.0
