model_type: coxnet
model_params:
  l1_ratio: 0.9782203620112673
  alpha_min_ratio: 0.08574990425795988
  n_alphas: 263
  max_iter: 19608
  tol: 3.910604002234662e-05
seed: 1024
cv_n_splits: 5
cv_n_repeats: 10
preprocessing_config:
  eps: 1.0e-06
  min_speed: 0.01
  max_hours: 9999.0
