model_type: gbsa
model_params:
  loss: coxph
  n_estimators: 345
  learning_rate: 0.06212135175566797
  subsample: 0.7604616669254456
  max_depth: 6
  max_features: sqrt
  max_leaf_nodes: 8
  min_samples_split: 5
  min_samples_leaf: 11
  min_weight_fraction_leaf: 0.0
  min_impurity_decrease: 0.022445995704829497
  criterion: friedman_mse
  ccp_alpha: 1.2478711084142998e-07
  dropout_rate: 0.015929072596101625
  validation_fraction: 0.131872947815048
  n_iter_no_change: null
  tol: 1.2340319493912428e-05
  random_state: 42
  warm_start: false
  verbose: 0
seed: 42
cv_n_splits: 5
cv_n_repeats: 10
preprocessing_config:
  eps: 1.0e-06
  min_speed: 0.01
  max_hours: 9999.0
