model_type: gbsa
model_params:
  loss: coxph
  n_estimators: 217
  learning_rate: 0.19300886650179713
  subsample: 0.7718394531403371
  max_depth: 1
  max_features: log2
  max_leaf_nodes: 31
  min_samples_split: 12
  min_samples_leaf: 8
  min_weight_fraction_leaf: 0.0
  min_impurity_decrease: 0.00870810356455773
  criterion: friedman_mse
  ccp_alpha: 2.7788005263883976e-06
  dropout_rate: 0.03865591023540641
  validation_fraction: 0.18973885900378745
  n_iter_no_change: null
  tol: 1.8620848879774577e-05
  random_state: 777
  warm_start: false
  verbose: 0
seed: 777
cv_n_splits: 5
cv_n_repeats: 10
preprocessing_config:
  eps: 1.0e-06
  min_speed: 0.01
  max_hours: 9999.0
