model_type: coxnet
model_params:
  l1_ratio: 0.9834290725190623
  alpha_min_ratio: 0.06851529454103973
  n_alphas: 237
  max_iter: 19018
  tol: 1.00619066236622e-05
seed: 42
cv_n_splits: 5
cv_n_repeats: 10
preprocessing_config:
  eps: 1.0e-06
  min_speed: 0.01
  max_hours: 9999.0
