model_type: gbsa
model_params:
  loss: coxph
  n_estimators: 381
  learning_rate: 0.14008057620914807
  subsample: 0.5879222913656559
  max_depth: 4
  max_features: sqrt
  max_leaf_nodes: 31
  min_samples_split: 8
  min_samples_leaf: 20
  min_weight_fraction_leaf: 0.0
  min_impurity_decrease: 0.043383735891369575
  criterion: friedman_mse
  ccp_alpha: 0.0004582036031049581
  dropout_rate: 0.05950881951603808
  validation_fraction: 0.2720734232445941
  n_iter_no_change: 5
  tol: 1.634563397380613e-05
  random_state: 777
  warm_start: false
  verbose: 0
seed: 777
cv_n_splits: 5
cv_n_repeats: 10
preprocessing_config:
  eps: 1.0e-06
  min_speed: 0.01
  max_hours: 9999.0
