model_type: coxnet
model_params:
  l1_ratio: 0.8228929570426633
  alpha_min_ratio: 0.038875271504766544
  n_alphas: 214
  max_iter: 1353
  tol: 9.693321359477996e-06
seed: 42
cv_n_splits: 5
cv_n_repeats: 10
preprocessing_config:
  eps: 1.0e-06
  min_speed: 0.01
  max_hours: 9999.0
