model_type: gbsa
model_params:
  loss: coxph
  n_estimators: 231
  learning_rate: 0.05733146610639111
  subsample: 0.5574741760176659
  max_depth: 3
  max_features: log2
  max_leaf_nodes: 8
  min_samples_split: 5
  min_samples_leaf: 14
  min_weight_fraction_leaf: 0.0
  min_impurity_decrease: 0.03311438284261925
  criterion: friedman_mse
  ccp_alpha: 0.007154984536266441
  dropout_rate: 0.19499427745790335
  validation_fraction: 0.2064539376767901
  n_iter_no_change: 10
  tol: 2.1994239102873863e-05
  random_state: 777
  warm_start: false
  verbose: 0
seed: 777
cv_n_splits: 5
cv_n_repeats: 10
preprocessing_config:
  eps: 1.0e-06
  min_speed: 0.01
  max_hours: 9999.0
