model_type: gbsa
model_params:
  loss: coxph
  n_estimators: 465
  learning_rate: 0.09185858753743266
  subsample: 0.5491526643782904
  max_depth: 3
  max_features: null
  max_leaf_nodes: 63
  min_samples_split: 8
  min_samples_leaf: 20
  min_weight_fraction_leaf: 0.0
  min_impurity_decrease: 0.022472690533112277
  criterion: friedman_mse
  ccp_alpha: 0.0031433478372330384
  dropout_rate: 0.15091589099918695
  validation_fraction: 0.2650300405663789
  n_iter_no_change: 10
  tol: 0.00013336612479956746
  random_state: 2023
  warm_start: false
  verbose: 0
seed: 2023
cv_n_splits: 5
cv_n_repeats: 10
preprocessing_config:
  eps: 1.0e-06
  min_speed: 0.01
  max_hours: 9999.0
