model_type: coxnet
model_params:
  l1_ratio: 0.31852968934172093
  alpha_min_ratio: 0.000287652027239066
  n_alphas: 149
  max_iter: 1740
  tol: 2.7618216321284055e-05
seed: 42
cv_n_splits: 5
cv_n_repeats: 10
preprocessing_config:
  eps: 1.0e-06
  min_speed: 0.01
  max_hours: 9999.0
