model_type: gbsa
model_params:
  loss: coxph
  n_estimators: 479
  learning_rate: 0.09624382360332256
  subsample: 0.6375222660258613
  max_depth: 6
  max_features: 1.0
  max_leaf_nodes: null
  min_samples_split: 6
  min_samples_leaf: 20
  min_weight_fraction_leaf: 0.0
  min_impurity_decrease: 0.012609588004585167
  criterion: friedman_mse
  ccp_alpha: 6.337839081045871e-06
  dropout_rate: 0.11866027480309144
  validation_fraction: 0.1615091260056071
  n_iter_no_change: null
  tol: 0.0011566925959067826
  random_state: 2023
  warm_start: false
  verbose: 0
seed: 2023
cv_n_splits: 5
cv_n_repeats: 10
preprocessing_config:
  eps: 1.0e-06
  min_speed: 0.01
  max_hours: 9999.0
