model_type: coxnet
model_params:
  l1_ratio: 0.9618641079169858
  alpha_min_ratio: 0.06224592560118473
  n_alphas: 238
  max_iter: 11922
  tol: 1.3724762793438949e-05
seed: 777
cv_n_splits: 5
cv_n_repeats: 10
preprocessing_config:
  eps: 1.0e-06
  min_speed: 0.01
  max_hours: 9999.0
