model_type: gbsa
model_params:
  loss: coxph
  n_estimators: 190
  learning_rate: 0.1746895739903305
  subsample: 0.8529338110160776
  max_depth: 5
  max_features: 0.3
  max_leaf_nodes: 63
  min_samples_split: 18
  min_samples_leaf: 1
  min_weight_fraction_leaf: 0.0
  min_impurity_decrease: 0.023369783493855607
  criterion: friedman_mse
  ccp_alpha: 3.211296511425262e-05
  dropout_rate: 0.032711739423387495
  validation_fraction: 0.28853573585672554
  n_iter_no_change: null
  tol: 0.00453853718154421
  random_state: 1024
  warm_start: false
  verbose: 0
seed: 1024
cv_n_splits: 5
cv_n_repeats: 10
preprocessing_config:
  eps: 1.0e-06
  min_speed: 0.01
  max_hours: 9999.0
