model_type: coxnet
model_params:
  l1_ratio: 0.7894710104336655
  alpha_min_ratio: 0.003874666000838608
  n_alphas: 261
  max_iter: 893
  tol: 6.806719683989395e-05
seed: 42
cv_n_splits: 5
cv_n_repeats: 10
preprocessing_config:
  eps: 1.0e-06
  min_speed: 0.01
  max_hours: 9999.0
