seed: 42
cv_n_splits: 5
cv_n_repeats: 10
gbsa_config:
  loss: coxph
  n_estimators: 233
  learning_rate: 0.11894738099659209
  subsample: 0.9423230695298112
  max_depth: 5
  max_features: 1.0
  max_leaf_nodes: 8
  min_samples_split: 6
  min_samples_leaf: 12
  min_weight_fraction_leaf: 0.0
  min_impurity_decrease: 0.0032363813663679325
  criterion: friedman_mse
  ccp_alpha: 0.0011943894223980314
  dropout_rate: 0.01040992195928971
  validation_fraction: 0.29313883533588186
  n_iter_no_change: 20
  tol: 1.939876121074398e-05
  random_state: 42
  warm_start: false
  verbose: 0
preprocessing_config:
  eps: 1.0e-06
  min_speed: 0.01
  max_hours: 9999.0
