model_type: coxnet
model_params:
  l1_ratio: 0.9872248716165036
  alpha_min_ratio: 0.024520057450906695
  n_alphas: 119
  max_iter: 13413
  tol: 1.9786938898375584e-05
seed: 777
cv_n_splits: 5
cv_n_repeats: 10
preprocessing_config:
  eps: 1.0e-06
  min_speed: 0.01
  max_hours: 9999.0
