model_type: gbsa
model_params:
  loss: coxph
  n_estimators: 62
  learning_rate: 0.052834406201051926
  subsample: 0.6877195084016602
  max_depth: 2
  max_features: 0.5
  max_leaf_nodes: 8
  min_samples_split: 17
  min_samples_leaf: 9
  min_weight_fraction_leaf: 0.0
  min_impurity_decrease: 0.02705964962080956
  criterion: friedman_mse
  ccp_alpha: 0.07605737458531056
  dropout_rate: 0.010444256697978237
  validation_fraction: 0.1794155992281722
  n_iter_no_change: 20
  tol: 3.998244485025101e-05
  random_state: 777
  warm_start: false
  verbose: 0
seed: 777
cv_n_splits: 5
cv_n_repeats: 10
preprocessing_config:
  eps: 1.0e-06
  min_speed: 0.01
  max_hours: 9999.0
