model_type: coxnet
model_params:
  l1_ratio: 0.07199005819573862
  alpha_min_ratio: 0.011536754977029077
  n_alphas: 124
  max_iter: 1375
  tol: 3.672777225512957e-08
seed: 42
cv_n_splits: 5
cv_n_repeats: 10
preprocessing_config:
  eps: 1.0e-06
  min_speed: 0.01
  max_hours: 9999.0
