model_type: gbsa
model_params:
  loss: coxph
  n_estimators: 132
  learning_rate: 0.1992516695717102
  subsample: 0.6695496641843044
  max_depth: 3
  max_features: 1.0
  max_leaf_nodes: 16
  min_samples_split: 8
  min_samples_leaf: 14
  min_weight_fraction_leaf: 0.0
  min_impurity_decrease: 0.020729036377906008
  criterion: friedman_mse
  ccp_alpha: 7.809453972951881e-07
  dropout_rate: 0.04522086429111598
  validation_fraction: 0.19873982065564363
  n_iter_no_change: null
  tol: 0.0002536677371457776
  random_state: 2023
  warm_start: false
  verbose: 0
seed: 2023
cv_n_splits: 5
cv_n_repeats: 10
preprocessing_config:
  eps: 1.0e-06
  min_speed: 0.01
  max_hours: 9999.0
