model_type: coxnet
model_params:
  l1_ratio: 0.7590307923259868
  alpha_min_ratio: 0.05401577501223455
  n_alphas: 186
  max_iter: 13790
  tol: 1.601486423893934e-07
seed: 1024
cv_n_splits: 5
cv_n_repeats: 10
preprocessing_config:
  eps: 1.0e-06
  min_speed: 0.01
  max_hours: 9999.0
