model_type: gbsa
model_params:
  loss: coxph
  n_estimators: 173
  learning_rate: 0.1759859423059913
  subsample: 0.9064236169216082
  max_depth: 3
  max_features: 0.3
  max_leaf_nodes: 63
  min_samples_split: 20
  min_samples_leaf: 3
  min_weight_fraction_leaf: 0.0
  min_impurity_decrease: 0.011775682571538822
  criterion: friedman_mse
  ccp_alpha: 0.00015619925553451582
  dropout_rate: 0.027036414791235825
  validation_fraction: 0.2266924338701695
  n_iter_no_change: null
  tol: 0.003388606682291231
  random_state: 1024
  warm_start: false
  verbose: 0
seed: 1024
cv_n_splits: 5
cv_n_repeats: 10
preprocessing_config:
  eps: 1.0e-06
  min_speed: 0.01
  max_hours: 9999.0
