model_type: coxnet
model_params:
  l1_ratio: 0.8929729292690465
  alpha_min_ratio: 0.09785743490878114
  n_alphas: 251
  max_iter: 17468
  tol: 1.29486891729848e-05
seed: 42
cv_n_splits: 5
cv_n_repeats: 10
preprocessing_config:
  eps: 1.0e-06
  min_speed: 0.01
  max_hours: 9999.0
