model_type: coxnet
model_params:
  l1_ratio: 0.8893605592051788
  alpha_min_ratio: 0.09829283032510554
  n_alphas: 138
  max_iter: 1639
  tol: 3.1647755291307616e-07
seed: 42
cv_n_splits: 5
cv_n_repeats: 10
preprocessing_config:
  eps: 1.0e-06
  min_speed: 0.01
  max_hours: 9999.0
