model_type: gbsa
model_params:
  loss: coxph
  n_estimators: 69
  learning_rate: 0.11590226688669497
  subsample: 0.5034649761294663
  max_depth: 2
  max_features: sqrt
  max_leaf_nodes: 63
  min_samples_split: 11
  min_samples_leaf: 2
  min_weight_fraction_leaf: 0.0
  min_impurity_decrease: 0.03248688742478267
  criterion: friedman_mse
  ccp_alpha: 6.019936176700708e-06
  dropout_rate: 0.00952900825958048
  validation_fraction: 0.17926486646785716
  n_iter_no_change: 10
  tol: 6.974524391762564e-05
  random_state: 1024
  warm_start: false
  verbose: 0
seed: 1024
cv_n_splits: 5
cv_n_repeats: 10
preprocessing_config:
  eps: 1.0e-06
  min_speed: 0.01
  max_hours: 9999.0
