model_type: coxnet
model_params:
  l1_ratio: 0.9866025745000117
  alpha_min_ratio: 0.06936004547657404
  n_alphas: 257
  max_iter: 550
  tol: 5.064907793400178e-06
seed: 42
cv_n_splits: 5
cv_n_repeats: 10
preprocessing_config:
  eps: 1.0e-06
  min_speed: 0.01
  max_hours: 9999.0
