model_type: coxnet
model_params:
  l1_ratio: 0.8773850863811548
  alpha_min_ratio: 0.054321682711836905
  n_alphas: 219
  max_iter: 14600
  tol: 2.0410088513895936e-05
seed: 777
cv_n_splits: 5
cv_n_repeats: 10
preprocessing_config:
  eps: 1.0e-06
  min_speed: 0.01
  max_hours: 9999.0
