model_type: coxnet
model_params:
  l1_ratio: 0.8093947931913623
  alpha_min_ratio: 0.057433898721828525
  n_alphas: 229
  max_iter: 19244
  tol: 6.85481995482305e-06
seed: 1024
cv_n_splits: 5
cv_n_repeats: 10
preprocessing_config:
  eps: 1.0e-06
  min_speed: 0.01
  max_hours: 9999.0
