model_type: gbsa
model_params:
  loss: coxph
  n_estimators: 349
  learning_rate: 0.053718308751481626
  subsample: 0.5479545908817185
  max_depth: 2
  max_features: 0.7
  max_leaf_nodes: 31
  min_samples_split: 6
  min_samples_leaf: 10
  min_weight_fraction_leaf: 0.0
  min_impurity_decrease: 0.020416657591732643
  criterion: friedman_mse
  ccp_alpha: 1.943941883942068e-05
  dropout_rate: 0.012621266494650863
  validation_fraction: 0.2193188258295116
  n_iter_no_change: null
  tol: 0.0012612585834079664
  random_state: 2023
  warm_start: false
  verbose: 0
seed: 2023
cv_n_splits: 5
cv_n_repeats: 10
preprocessing_config:
  eps: 1.0e-06
  min_speed: 0.01
  max_hours: 9999.0
