model_type: gbsa
model_params:
  loss: coxph
  n_estimators: 373
  learning_rate: 0.06244414006390268
  subsample: 0.9895331379623471
  max_depth: 5
  max_features: 0.7
  max_leaf_nodes: 16
  min_samples_split: 19
  min_samples_leaf: 2
  min_weight_fraction_leaf: 0.0
  min_impurity_decrease: 0.030106241849995736
  criterion: friedman_mse
  ccp_alpha: 0.026116067612772277
  dropout_rate: 0.17555136059915755
  validation_fraction: 0.28472529379288114
  n_iter_no_change: null
  tol: 0.001445407069784802
  random_state: 1024
  warm_start: false
  verbose: 0
seed: 1024
cv_n_splits: 5
cv_n_repeats: 10
preprocessing_config:
  eps: 1.0e-06
  min_speed: 0.01
  max_hours: 9999.0
