model_type: gbsa
model_params:
  loss: coxph
  n_estimators: 407
  learning_rate: 0.13718451170657706
  subsample: 0.8882925212723235
  max_depth: 5
  max_features: 0.3
  max_leaf_nodes: 63
  min_samples_split: 6
  min_samples_leaf: 6
  min_weight_fraction_leaf: 0.0
  min_impurity_decrease: 0.022953399139373748
  criterion: friedman_mse
  ccp_alpha: 0.00021016053303091995
  dropout_rate: 0.05040026965875522
  validation_fraction: 0.27205406173378693
  n_iter_no_change: null
  tol: 0.0002689702158382731
  random_state: 1024
  warm_start: false
  verbose: 0
seed: 1024
cv_n_splits: 5
cv_n_repeats: 10
preprocessing_config:
  eps: 1.0e-06
  min_speed: 0.01
  max_hours: 9999.0
