model_type: gbsa
model_params:
  loss: coxph
  n_estimators: 469
  learning_rate: 0.14720723554083562
  subsample: 0.6432480042226963
  max_depth: 4
  max_features: sqrt
  max_leaf_nodes: 8
  min_samples_split: 8
  min_samples_leaf: 9
  min_weight_fraction_leaf: 0.0
  min_impurity_decrease: 0.04760406422563903
  criterion: friedman_mse
  ccp_alpha: 8.87873127903134e-05
  dropout_rate: 0.0019975985513513185
  validation_fraction: 0.27831727506651294
  n_iter_no_change: null
  tol: 4.053281349446197e-05
  random_state: 777
  warm_start: false
  verbose: 0
seed: 777
cv_n_splits: 5
cv_n_repeats: 10
preprocessing_config:
  eps: 1.0e-06
  min_speed: 0.01
  max_hours: 9999.0
