model_type: gbsa
model_params:
  loss: coxph
  n_estimators: 375
  learning_rate: 0.08219956430494423
  subsample: 0.612665321099393
  max_depth: 2
  max_features: log2
  max_leaf_nodes: 63
  min_samples_split: 19
  min_samples_leaf: 18
  min_weight_fraction_leaf: 0.0
  min_impurity_decrease: 0.03020180800468413
  criterion: friedman_mse
  ccp_alpha: 4.7097170833699546e-08
  dropout_rate: 0.05068399328752384
  validation_fraction: 0.22523853501827734
  n_iter_no_change: 20
  tol: 0.00986784389705774
  random_state: 2023
  warm_start: false
  verbose: 0
seed: 2023
cv_n_splits: 5
cv_n_repeats: 10
preprocessing_config:
  eps: 1.0e-06
  min_speed: 0.01
  max_hours: 9999.0
