model_type: gbsa
model_params:
  loss: coxph
  n_estimators: 340
  learning_rate: 0.19541534657882692
  subsample: 0.534760917025764
  max_depth: 3
  max_features: log2
  max_leaf_nodes: 31
  min_samples_split: 8
  min_samples_leaf: 9
  min_weight_fraction_leaf: 0.0
  min_impurity_decrease: 0.023045470183616135
  criterion: friedman_mse
  ccp_alpha: 7.63360588691833e-06
  dropout_rate: 0.013784558046052657
  validation_fraction: 0.24248144735596622
  n_iter_no_change: null
  tol: 0.0014607803217552338
  random_state: 2023
  warm_start: false
  verbose: 0
seed: 2023
cv_n_splits: 5
cv_n_repeats: 10
preprocessing_config:
  eps: 1.0e-06
  min_speed: 0.01
  max_hours: 9999.0
