model_type: coxnet
model_params:
  l1_ratio: 0.9618743100815612
  alpha_min_ratio: 0.012495145953195605
  n_alphas: 113
  max_iter: 1755
  tol: 1.242456129143047e-06
seed: 1024
cv_n_splits: 5
cv_n_repeats: 10
preprocessing_config:
  eps: 1.0e-06
  min_speed: 0.01
  max_hours: 9999.0
