model_type: coxnet
model_params:
  l1_ratio: 0.9141911082781542
  alpha_min_ratio: 0.014473482433544422
  n_alphas: 110
  max_iter: 12184
  tol: 1.0993873835052658e-06
seed: 777
cv_n_splits: 5
cv_n_repeats: 10
preprocessing_config:
  eps: 1.0e-06
  min_speed: 0.01
  max_hours: 9999.0
