model_type: coxnet
model_params:
  l1_ratio: 0.9843254435502993
  alpha_min_ratio: 0.09595778117867433
  n_alphas: 268
  max_iter: 11523
  tol: 1.016305438763796e-05
seed: 1024
cv_n_splits: 5
cv_n_repeats: 10
preprocessing_config:
  eps: 1.0e-06
  min_speed: 0.01
  max_hours: 9999.0
