model_type: coxnet
model_params:
  l1_ratio: 0.9372815600104383
  alpha_min_ratio: 0.09492287256641867
  n_alphas: 238
  max_iter: 1797
  tol: 3.3991901986963134e-05
seed: 42
cv_n_splits: 5
cv_n_repeats: 10
preprocessing_config:
  eps: 1.0e-06
  min_speed: 0.01
  max_hours: 9999.0
