model_type: coxnet
model_params:
  l1_ratio: 0.9981235989331387
  alpha_min_ratio: 0.026824812708050046
  n_alphas: 73
  max_iter: 6665
  tol: 1.2601052430566278e-06
seed: 777
cv_n_splits: 5
cv_n_repeats: 10
preprocessing_config:
  eps: 1.0e-06
  min_speed: 0.01
  max_hours: 9999.0
