model_type: coxnet
model_params:
  l1_ratio: 0.8161003468596789
  alpha_min_ratio: 0.00018497596419236133
  n_alphas: 263
  max_iter: 7481
  tol: 8.943654410465532e-08
seed: 777
cv_n_splits: 5
cv_n_repeats: 10
preprocessing_config:
  eps: 1.0e-06
  min_speed: 0.01
  max_hours: 9999.0
