model_type: coxnet
model_params:
  l1_ratio: 0.9840717980053549
  alpha_min_ratio: 0.06345662345605163
  n_alphas: 253
  max_iter: 15895
  tol: 9.528029756911784e-06
seed: 42
cv_n_splits: 5
cv_n_repeats: 10
preprocessing_config:
  eps: 1.0e-06
  min_speed: 0.01
  max_hours: 9999.0
