model_type: gbsa
model_params:
  loss: coxph
  n_estimators: 384
  learning_rate: 0.05592644238398486
  subsample: 0.8195618533233068
  max_depth: 3
  max_features: 0.3
  max_leaf_nodes: null
  min_samples_split: 6
  min_samples_leaf: 1
  min_weight_fraction_leaf: 0.0
  min_impurity_decrease: 0.044403664529992413
  criterion: friedman_mse
  ccp_alpha: 0.0046612120900703284
  dropout_rate: 0.2025804874005746
  validation_fraction: 0.1482472903087155
  n_iter_no_change: null
  tol: 0.007228506228645406
  random_state: 42
  warm_start: false
  verbose: 0
seed: 42
cv_n_splits: 5
cv_n_repeats: 10
preprocessing_config:
  eps: 1.0e-06
  min_speed: 0.01
  max_hours: 9999.0
