model_type: coxnet
model_params:
  l1_ratio: 0.7573533180436041
  alpha_min_ratio: 0.09761560218886832
  n_alphas: 250
  max_iter: 18986
  tol: 2.8236320625665626e-07
seed: 2023
cv_n_splits: 5
cv_n_repeats: 10
preprocessing_config:
  eps: 1.0e-06
  min_speed: 0.01
  max_hours: 9999.0
