model_type: gbsa
model_params:
  loss: coxph
  n_estimators: 472
  learning_rate: 0.07814116362928784
  subsample: 0.5789393187008907
  max_depth: 1
  max_features: 0.5
  max_leaf_nodes: 8
  min_samples_split: 7
  min_samples_leaf: 3
  min_weight_fraction_leaf: 0.0
  min_impurity_decrease: 0.047108902981095026
  criterion: friedman_mse
  ccp_alpha: 0.000680105892303574
  dropout_rate: 0.03886171600470411
  validation_fraction: 0.21402708056807854
  n_iter_no_change: null
  tol: 6.159365889934855e-05
  random_state: 777
  warm_start: false
  verbose: 0
seed: 777
cv_n_splits: 5
cv_n_repeats: 10
preprocessing_config:
  eps: 1.0e-06
  min_speed: 0.01
  max_hours: 9999.0
