model_type: coxnet
model_params:
  l1_ratio: 0.9367610838922029
  alpha_min_ratio: 0.02065399365756124
  n_alphas: 89
  max_iter: 1417
  tol: 1.0588579671779196e-07
seed: 42
cv_n_splits: 5
cv_n_repeats: 10
preprocessing_config:
  eps: 1.0e-06
  min_speed: 0.01
  max_hours: 9999.0
