model_type: gbsa
model_params:
  loss: coxph
  n_estimators: 426
  learning_rate: 0.08189433246433665
  subsample: 0.6238242989322762
  max_depth: 3
  max_features: null
  max_leaf_nodes: null
  min_samples_split: 2
  min_samples_leaf: 3
  min_weight_fraction_leaf: 0.0
  min_impurity_decrease: 0.04888252208640669
  criterion: friedman_mse
  ccp_alpha: 0.0018166572666959513
  dropout_rate: 0.04717785518396065
  validation_fraction: 0.16798565011823038
  n_iter_no_change: null
  tol: 0.008966882553100745
  random_state: 42
  warm_start: false
  verbose: 0
seed: 42
cv_n_splits: 5
cv_n_repeats: 10
preprocessing_config:
  eps: 1.0e-06
  min_speed: 0.01
  max_hours: 9999.0
