model_type: coxnet
model_params:
  l1_ratio: 0.6284486373738744
  alpha_min_ratio: 0.011711841606578136
  n_alphas: 138
  max_iter: 17832
  tol: 4.559492381121437e-05
seed: 1024
cv_n_splits: 5
cv_n_repeats: 10
preprocessing_config:
  eps: 1.0e-06
  min_speed: 0.01
  max_hours: 9999.0
