model_type: coxnet
model_params:
  l1_ratio: 0.9439914017303768
  alpha_min_ratio: 0.07807749175170726
  n_alphas: 240
  max_iter: 1400
  tol: 7.029488239745467e-06
seed: 42
cv_n_splits: 5
cv_n_repeats: 10
preprocessing_config:
  eps: 1.0e-06
  min_speed: 0.01
  max_hours: 9999.0
