model_type: gbsa
model_params:
  loss: coxph
  n_estimators: 486
  learning_rate: 0.06706414440159778
  subsample: 0.6208115580241433
  max_depth: 4
  max_features: sqrt
  max_leaf_nodes: 8
  min_samples_split: 4
  min_samples_leaf: 2
  min_weight_fraction_leaf: 0.0
  min_impurity_decrease: 0.024726174177720113
  criterion: friedman_mse
  ccp_alpha: 4.519660615677754e-05
  dropout_rate: 0.057575797658005655
  validation_fraction: 0.24416499524563257
  n_iter_no_change: 10
  tol: 0.00011044210862291108
  random_state: 777
  warm_start: false
  verbose: 0
seed: 777
cv_n_splits: 5
cv_n_repeats: 10
preprocessing_config:
  eps: 1.0e-06
  min_speed: 0.01
  max_hours: 9999.0
