model_type: coxnet
model_params:
  l1_ratio: 0.6655443347595342
  alpha_min_ratio: 0.0610104217631519
  n_alphas: 196
  max_iter: 15270
  tol: 1.8647775729090894e-06
seed: 2023
cv_n_splits: 5
cv_n_repeats: 10
preprocessing_config:
  eps: 1.0e-06
  min_speed: 0.01
  max_hours: 9999.0
