model_type: coxnet
model_params:
  l1_ratio: 0.948873355492995
  alpha_min_ratio: 0.08247640151160418
  n_alphas: 254
  max_iter: 13663
  tol: 1.0281106417629182e-05
seed: 42
cv_n_splits: 5
cv_n_repeats: 10
preprocessing_config:
  eps: 1.0e-06
  min_speed: 0.01
  max_hours: 9999.0
