model_type: gbsa
model_params:
  loss: coxph
  n_estimators: 299
  learning_rate: 0.055258771350588945
  subsample: 0.8860702781358031
  max_depth: 3
  max_features: 0.3
  max_leaf_nodes: null
  min_samples_split: 10
  min_samples_leaf: 7
  min_weight_fraction_leaf: 0.0
  min_impurity_decrease: 0.039295824764593076
  criterion: friedman_mse
  ccp_alpha: 0.0009221132408655504
  dropout_rate: 0.0006917421666918361
  validation_fraction: 0.2480621788098274
  n_iter_no_change: 20
  tol: 0.0020918316472173324
  random_state: 2023
  warm_start: false
  verbose: 0
seed: 2023
cv_n_splits: 5
cv_n_repeats: 10
preprocessing_config:
  eps: 1.0e-06
  min_speed: 0.01
  max_hours: 9999.0
