model_type: gbsa
model_params:
  loss: coxph
  n_estimators: 471
  learning_rate: 0.1580553170314255
  subsample: 0.7559544468116963
  max_depth: 1
  max_features: 0.3
  max_leaf_nodes: 31
  min_samples_split: 6
  min_samples_leaf: 12
  min_weight_fraction_leaf: 0.0
  min_impurity_decrease: 0.023673845485174302
  criterion: friedman_mse
  ccp_alpha: 0.01586755736343534
  dropout_rate: 0.1892497050419273
  validation_fraction: 0.1575564507564797
  n_iter_no_change: 5
  tol: 0.0008686417555695698
  random_state: 42
  warm_start: false
  verbose: 0
seed: 42
cv_n_splits: 5
cv_n_repeats: 10
preprocessing_config:
  eps: 1.0e-06
  min_speed: 0.01
  max_hours: 9999.0
