model_type: coxnet
model_params:
  l1_ratio: 0.8252947075212835
  alpha_min_ratio: 0.08180747026204696
  n_alphas: 159
  max_iter: 17006
  tol: 8.672389828713977e-05
seed: 1024
cv_n_splits: 5
cv_n_repeats: 10
preprocessing_config:
  eps: 1.0e-06
  min_speed: 0.01
  max_hours: 9999.0
