model_type: coxnet
model_params:
  l1_ratio: 0.9496583734135744
  alpha_min_ratio: 0.021089060121997866
  n_alphas: 95
  max_iter: 19237
  tol: 1.0107161862314911e-06
seed: 777
cv_n_splits: 5
cv_n_repeats: 10
preprocessing_config:
  eps: 1.0e-06
  min_speed: 0.01
  max_hours: 9999.0
