model_type: coxnet
model_params:
  l1_ratio: 0.8177694616549076
  alpha_min_ratio: 0.016287841576497108
  n_alphas: 197
  max_iter: 13585
  tol: 7.70917758690811e-06
seed: 1024
cv_n_splits: 5
cv_n_repeats: 10
preprocessing_config:
  eps: 1.0e-06
  min_speed: 0.01
  max_hours: 9999.0
