model_type: coxnet
model_params:
  l1_ratio: 0.9555754758926437
  alpha_min_ratio: 0.024810123026006443
  n_alphas: 257
  max_iter: 15587
  tol: 4.543604156541652e-06
seed: 1024
cv_n_splits: 5
cv_n_repeats: 10
preprocessing_config:
  eps: 1.0e-06
  min_speed: 0.01
  max_hours: 9999.0
