model_type: coxnet
model_params:
  l1_ratio: 0.8051945960136666
  alpha_min_ratio: 0.08554861803662482
  n_alphas: 238
  max_iter: 607
  tol: 1.4631164580840803e-05
seed: 42
cv_n_splits: 5
cv_n_repeats: 10
preprocessing_config:
  eps: 1.0e-06
  min_speed: 0.01
  max_hours: 9999.0
