model_type: gbsa
model_params:
  loss: coxph
  n_estimators: 396
  learning_rate: 0.1713593561206485
  subsample: 0.7170859746313636
  max_depth: 6
  max_features: 0.7
  max_leaf_nodes: null
  min_samples_split: 4
  min_samples_leaf: 18
  min_weight_fraction_leaf: 0.0
  min_impurity_decrease: 0.019034320148481738
  criterion: friedman_mse
  ccp_alpha: 0.029191971225633287
  dropout_rate: 0.02088498890081895
  validation_fraction: 0.17072796555496145
  n_iter_no_change: null
  tol: 2.19906467081231e-05
  random_state: 42
  warm_start: false
  verbose: 0
seed: 42
cv_n_splits: 5
cv_n_repeats: 10
preprocessing_config:
  eps: 1.0e-06
  min_speed: 0.01
  max_hours: 9999.0
