model_type: coxnet
model_params:
  l1_ratio: 0.9710683399143313
  alpha_min_ratio: 0.0491040314758302
  n_alphas: 271
  max_iter: 1178
  tol: 3.405442617198791e-06
seed: 42
cv_n_splits: 5
cv_n_repeats: 10
preprocessing_config:
  eps: 1.0e-06
  min_speed: 0.01
  max_hours: 9999.0
