model_type: coxnet
model_params:
  l1_ratio: 0.9208564706307563
  alpha_min_ratio: 0.07091245038023956
  n_alphas: 206
  max_iter: 10885
  tol: 1.7378728730986864e-06
seed: 2023
cv_n_splits: 5
cv_n_repeats: 10
preprocessing_config:
  eps: 1.0e-06
  min_speed: 0.01
  max_hours: 9999.0
