model_type: coxnet
model_params:
  l1_ratio: 0.940631948550426
  alpha_min_ratio: 0.0665099098076308
  n_alphas: 211
  max_iter: 1537
  tol: 6.31908177973333e-05
seed: 42
cv_n_splits: 5
cv_n_repeats: 10
preprocessing_config:
  eps: 1.0e-06
  min_speed: 0.01
  max_hours: 9999.0
