model_type: coxnet
model_params:
  l1_ratio: 0.6349627023733677
  alpha_min_ratio: 0.04405187550695877
  n_alphas: 237
  max_iter: 9848
  tol: 9.187266568127164e-08
seed: 777
cv_n_splits: 5
cv_n_repeats: 10
preprocessing_config:
  eps: 1.0e-06
  min_speed: 0.01
  max_hours: 9999.0
