seed: 42
cv_n_splits: 5
cv_n_repeats: 10
gbsa_config:
  loss: coxph
  n_estimators: 287
  learning_rate: 0.03915120938734221
  subsample: 0.6668849143933974
  max_depth: 5
  max_features: 0.7
  max_leaf_nodes: null
  min_samples_split: 3
  min_samples_leaf: 15
  min_weight_fraction_leaf: 0.0
  min_impurity_decrease: 0.010682592947112496
  criterion: friedman_mse
  ccp_alpha: 0.02458357904786662
  dropout_rate: 0.07477134055921254
  validation_fraction: 0.24045583938004578
  n_iter_no_change: null
  tol: 1.7758322895742925e-05
  random_state: 42
  warm_start: false
  verbose: 0
preprocessing_config:
  eps: 1.0e-06
  min_speed: 0.01
  max_hours: 9999.0
