model_type: coxnet
model_params:
  l1_ratio: 0.8984518760213033
  alpha_min_ratio: 0.046621474344202114
  n_alphas: 92
  max_iter: 16230
  tol: 4.3083618172154854e-07
seed: 777
cv_n_splits: 5
cv_n_repeats: 10
preprocessing_config:
  eps: 1.0e-06
  min_speed: 0.01
  max_hours: 9999.0
