model_type: coxnet
model_params:
  l1_ratio: 0.8461611131032669
  alpha_min_ratio: 0.04327855517687178
  n_alphas: 231
  max_iter: 13637
  tol: 4.44722171210023e-06
seed: 2023
cv_n_splits: 5
cv_n_repeats: 10
preprocessing_config:
  eps: 1.0e-06
  min_speed: 0.01
  max_hours: 9999.0
