model_type: coxnet
model_params:
  l1_ratio: 0.968763723050625
  alpha_min_ratio: 0.03818791985799559
  n_alphas: 105
  max_iter: 19414
  tol: 7.104849816125805e-08
seed: 1024
cv_n_splits: 5
cv_n_repeats: 10
preprocessing_config:
  eps: 1.0e-06
  min_speed: 0.01
  max_hours: 9999.0
