model_type: gbsa
model_params:
  loss: coxph
  n_estimators: 89
  learning_rate: 0.11896923251587094
  subsample: 0.6488889940805171
  max_depth: 5
  max_features: 0.3
  max_leaf_nodes: 16
  min_samples_split: 12
  min_samples_leaf: 18
  min_weight_fraction_leaf: 0.0
  min_impurity_decrease: 0.04760698390167428
  criterion: friedman_mse
  ccp_alpha: 1.4989448406798976e-05
  dropout_rate: 0.16898620619710208
  validation_fraction: 0.23115377590212083
  n_iter_no_change: 10
  tol: 1.8919205545843925e-05
  random_state: 777
  warm_start: false
  verbose: 0
seed: 777
cv_n_splits: 5
cv_n_repeats: 10
preprocessing_config:
  eps: 1.0e-06
  min_speed: 0.01
  max_hours: 9999.0
