model_type: coxnet
model_params:
  l1_ratio: 0.8796305857878025
  alpha_min_ratio: 0.08790494269434587
  n_alphas: 254
  max_iter: 19195
  tol: 3.1522880986113895e-05
seed: 42
cv_n_splits: 5
cv_n_repeats: 10
preprocessing_config:
  eps: 1.0e-06
  min_speed: 0.01
  max_hours: 9999.0
