model_type: coxnet
model_params:
  l1_ratio: 0.8884349559859752
  alpha_min_ratio: 0.0990708306868589
  n_alphas: 201
  max_iter: 11517
  tol: 6.619955952252106e-05
seed: 1024
cv_n_splits: 5
cv_n_repeats: 10
preprocessing_config:
  eps: 1.0e-06
  min_speed: 0.01
  max_hours: 9999.0
