model_type: coxnet
model_params:
  l1_ratio: 0.8046699846013956
  alpha_min_ratio: 0.020604819877228783
  n_alphas: 238
  max_iter: 19822
  tol: 1.600934098460633e-06
seed: 1024
cv_n_splits: 5
cv_n_repeats: 10
preprocessing_config:
  eps: 1.0e-06
  min_speed: 0.01
  max_hours: 9999.0
