model_type: coxnet
model_params:
  l1_ratio: 0.10800258117520384
  alpha_min_ratio: 0.010402711673421184
  n_alphas: 291
  max_iter: 17850
  tol: 4.295927951582137e-06
seed: 1024
cv_n_splits: 5
cv_n_repeats: 10
preprocessing_config:
  eps: 1.0e-06
  min_speed: 0.01
  max_hours: 9999.0
