model_type: coxnet
model_params:
  l1_ratio: 0.9343466972380641
  alpha_min_ratio: 0.06467530506373341
  n_alphas: 93
  max_iter: 7551
  tol: 1.7645092497727042e-05
seed: 777
cv_n_splits: 5
cv_n_repeats: 10
preprocessing_config:
  eps: 1.0e-06
  min_speed: 0.01
  max_hours: 9999.0
