model_type: coxnet
model_params:
  l1_ratio: 0.9682220511686943
  alpha_min_ratio: 0.010570562941090643
  n_alphas: 107
  max_iter: 18656
  tol: 3.26889909208334e-05
seed: 777
cv_n_splits: 5
cv_n_repeats: 10
preprocessing_config:
  eps: 1.0e-06
  min_speed: 0.01
  max_hours: 9999.0
