model_type: gbsa
model_params:
  loss: coxph
  n_estimators: 413
  learning_rate: 0.041146099327731896
  subsample: 0.5915106870431043
  max_depth: 6
  max_features: 0.5
  max_leaf_nodes: 16
  min_samples_split: 5
  min_samples_leaf: 18
  min_weight_fraction_leaf: 0.0
  min_impurity_decrease: 0.022020554138622122
  criterion: friedman_mse
  ccp_alpha: 1.2192879737633425e-05
  dropout_rate: 0.0678961274959096
  validation_fraction: 0.10850206836073284
  n_iter_no_change: null
  tol: 0.0005243983567372316
  random_state: 2023
  warm_start: false
  verbose: 0
seed: 2023
cv_n_splits: 5
cv_n_repeats: 10
preprocessing_config:
  eps: 1.0e-06
  min_speed: 0.01
  max_hours: 9999.0
