model_type: coxnet
model_params:
  l1_ratio: 0.983437118397795
  alpha_min_ratio: 0.03683794337216312
  n_alphas: 260
  max_iter: 1009
  tol: 3.835899925705586e-06
seed: 42
cv_n_splits: 5
cv_n_repeats: 10
preprocessing_config:
  eps: 1.0e-06
  min_speed: 0.01
  max_hours: 9999.0
