model_type: gbsa
model_params:
  loss: coxph
  n_estimators: 207
  learning_rate: 0.17666647164339122
  subsample: 0.8650581044104668
  max_depth: 2
  max_features: null
  max_leaf_nodes: 31
  min_samples_split: 12
  min_samples_leaf: 8
  min_weight_fraction_leaf: 0.0
  min_impurity_decrease: 0.02103468348588476
  criterion: friedman_mse
  ccp_alpha: 0.0007753944414467646
  dropout_rate: 0.05600043418793574
  validation_fraction: 0.119709338477814
  n_iter_no_change: 20
  tol: 0.0008468089270795881
  random_state: 1024
  warm_start: false
  verbose: 0
seed: 1024
cv_n_splits: 5
cv_n_repeats: 10
preprocessing_config:
  eps: 1.0e-06
  min_speed: 0.01
  max_hours: 9999.0
