model_type: gbsa
model_params:
  loss: coxph
  n_estimators: 177
  learning_rate: 0.14800297612828897
  subsample: 0.51864346033168
  max_depth: 6
  max_features: null
  max_leaf_nodes: 8
  min_samples_split: 15
  min_samples_leaf: 16
  min_weight_fraction_leaf: 0.0
  min_impurity_decrease: 0.03399413238709298
  criterion: friedman_mse
  ccp_alpha: 2.30981667704186e-06
  dropout_rate: 0.056860123106098406
  validation_fraction: 0.2448897359036167
  n_iter_no_change: 5
  tol: 1.2718715485947984e-05
  random_state: 777
  warm_start: false
  verbose: 0
seed: 777
cv_n_splits: 5
cv_n_repeats: 10
preprocessing_config:
  eps: 1.0e-06
  min_speed: 0.01
  max_hours: 9999.0
