model_type: coxnet
model_params:
  l1_ratio: 0.9844480856495733
  alpha_min_ratio: 0.09624611534988077
  n_alphas: 286
  max_iter: 14643
  tol: 3.9453170686471437e-05
seed: 1024
cv_n_splits: 5
cv_n_repeats: 10
preprocessing_config:
  eps: 1.0e-06
  min_speed: 0.01
  max_hours: 9999.0
