model_type: coxnet
model_params:
  l1_ratio: 0.9099398427039013
  alpha_min_ratio: 0.04742545196620715
  n_alphas: 70
  max_iter: 15425
  tol: 2.6129874496178165e-07
seed: 1024
cv_n_splits: 5
cv_n_repeats: 10
preprocessing_config:
  eps: 1.0e-06
  min_speed: 0.01
  max_hours: 9999.0
