model_type: gbsa
model_params:
  loss: coxph
  n_estimators: 359
  learning_rate: 0.048475569830557466
  subsample: 0.5774590130402909
  max_depth: 5
  max_features: log2
  max_leaf_nodes: 8
  min_samples_split: 18
  min_samples_leaf: 2
  min_weight_fraction_leaf: 0.0
  min_impurity_decrease: 0.043789434552084804
  criterion: friedman_mse
  ccp_alpha: 2.9578599669952404e-05
  dropout_rate: 0.06926427479808861
  validation_fraction: 0.2653757148706369
  n_iter_no_change: 10
  tol: 5.0733399847610524e-05
  random_state: 777
  warm_start: false
  verbose: 0
seed: 777
cv_n_splits: 5
cv_n_repeats: 10
preprocessing_config:
  eps: 1.0e-06
  min_speed: 0.01
  max_hours: 9999.0
