model_type: coxnet
model_params:
  l1_ratio: 0.9920624723137685
  alpha_min_ratio: 0.045554214273830246
  n_alphas: 245
  max_iter: 12305
  tol: 3.520372986076431e-06
seed: 2023
cv_n_splits: 5
cv_n_repeats: 10
preprocessing_config:
  eps: 1.0e-06
  min_speed: 0.01
  max_hours: 9999.0
