model_type: coxnet
model_params:
  l1_ratio: 0.9111375300248927
  alpha_min_ratio: 0.0436759157615468
  n_alphas: 159
  max_iter: 18599
  tol: 1.1985995356282773e-06
seed: 777
cv_n_splits: 5
cv_n_repeats: 10
preprocessing_config:
  eps: 1.0e-06
  min_speed: 0.01
  max_hours: 9999.0
