model_type: coxnet
model_params:
  l1_ratio: 0.9872112350229377
  alpha_min_ratio: 0.0886853457231292
  n_alphas: 221
  max_iter: 772
  tol: 1.5045683976434477e-06
seed: 42
cv_n_splits: 5
cv_n_repeats: 10
preprocessing_config:
  eps: 1.0e-06
  min_speed: 0.01
  max_hours: 9999.0
