model_type: gbsa
model_params:
  loss: coxph
  n_estimators: 180
  learning_rate: 0.11669271681199563
  subsample: 0.6200739650488045
  max_depth: 5
  max_features: null
  max_leaf_nodes: 16
  min_samples_split: 14
  min_samples_leaf: 10
  min_weight_fraction_leaf: 0.0
  min_impurity_decrease: 0.006531791104326638
  criterion: friedman_mse
  ccp_alpha: 1.1848030127564578e-05
  dropout_rate: 0.027842765722020397
  validation_fraction: 0.14690225503561483
  n_iter_no_change: 10
  tol: 9.338060440385653e-05
  random_state: 2023
  warm_start: false
  verbose: 0
seed: 2023
cv_n_splits: 5
cv_n_repeats: 10
preprocessing_config:
  eps: 1.0e-06
  min_speed: 0.01
  max_hours: 9999.0
