model_type: gbsa
model_params:
  loss: coxph
  n_estimators: 197
  learning_rate: 0.18316250267534115
  subsample: 0.9002763436615049
  max_depth: 5
  max_features: 0.3
  max_leaf_nodes: null
  min_samples_split: 17
  min_samples_leaf: 9
  min_weight_fraction_leaf: 0.0
  min_impurity_decrease: 0.027982606858922367
  criterion: friedman_mse
  ccp_alpha: 7.368968644664005e-05
  dropout_rate: 0.04120058142588323
  validation_fraction: 0.2762767953327688
  n_iter_no_change: 5
  tol: 0.0009394259261070695
  random_state: 1024
  warm_start: false
  verbose: 0
seed: 1024
cv_n_splits: 5
cv_n_repeats: 10
preprocessing_config:
  eps: 1.0e-06
  min_speed: 0.01
  max_hours: 9999.0
