model_type: coxnet
model_params:
  l1_ratio: 0.94288085693512
  alpha_min_ratio: 0.04760750908698269
  n_alphas: 261
  max_iter: 1691
  tol: 1.998242673651799e-05
seed: 42
cv_n_splits: 5
cv_n_repeats: 10
preprocessing_config:
  eps: 1.0e-06
  min_speed: 0.01
  max_hours: 9999.0
