model_type: gbsa
model_params:
  loss: coxph
  n_estimators: 442
  learning_rate: 0.10031930982302657
  subsample: 0.6387390749497787
  max_depth: 4
  max_features: null
  max_leaf_nodes: 31
  min_samples_split: 3
  min_samples_leaf: 7
  min_weight_fraction_leaf: 0.0
  min_impurity_decrease: 0.023170117199093856
  criterion: friedman_mse
  ccp_alpha: 0.0664483117545007
  dropout_rate: 0.027419903268771226
  validation_fraction: 0.20526867219511152
  n_iter_no_change: 20
  tol: 1.4475901997110424e-05
  random_state: 42
  warm_start: false
  verbose: 0
seed: 42
cv_n_splits: 5
cv_n_repeats: 10
preprocessing_config:
  eps: 1.0e-06
  min_speed: 0.01
  max_hours: 9999.0
