model_type: coxnet
model_params:
  l1_ratio: 0.9395365423661994
  alpha_min_ratio: 0.033608655121280216
  n_alphas: 179
  max_iter: 1798
  tol: 6.43128086556756e-05
seed: 42
cv_n_splits: 5
cv_n_repeats: 10
preprocessing_config:
  eps: 1.0e-06
  min_speed: 0.01
  max_hours: 9999.0
