model_type: coxnet
model_params:
  l1_ratio: 0.11435297546609047
  alpha_min_ratio: 0.005781001028132937
  n_alphas: 174
  max_iter: 16843
  tol: 7.519537497001684e-07
seed: 42
cv_n_splits: 5
cv_n_repeats: 10
preprocessing_config:
  eps: 1.0e-06
  min_speed: 0.01
  max_hours: 9999.0
