model_type: coxnet
model_params:
  l1_ratio: 0.22537162067885674
  alpha_min_ratio: 0.0035528053979601852
  n_alphas: 180
  max_iter: 12407
  tol: 1.3504606405290654e-06
seed: 777
cv_n_splits: 5
cv_n_repeats: 10
preprocessing_config:
  eps: 1.0e-06
  min_speed: 0.01
  max_hours: 9999.0
