model_type: coxnet
model_params:
  l1_ratio: 0.9971594350877555
  alpha_min_ratio: 0.0819736718724148
  n_alphas: 110
  max_iter: 1652
  tol: 3.1839939392008553e-07
seed: 42
cv_n_splits: 5
cv_n_repeats: 10
preprocessing_config:
  eps: 1.0e-06
  min_speed: 0.01
  max_hours: 9999.0
