model_type: coxnet
model_params:
  l1_ratio: 0.9635070730726792
  alpha_min_ratio: 0.0826295740768534
  n_alphas: 284
  max_iter: 9158
  tol: 1.554529502806975e-07
seed: 2023
cv_n_splits: 5
cv_n_repeats: 10
preprocessing_config:
  eps: 1.0e-06
  min_speed: 0.01
  max_hours: 9999.0
