model_type: coxnet
model_params:
  l1_ratio: 0.9755833612510387
  alpha_min_ratio: 0.042901353577619546
  n_alphas: 292
  max_iter: 14480
  tol: 9.05857167976088e-05
seed: 1024
cv_n_splits: 5
cv_n_repeats: 10
preprocessing_config:
  eps: 1.0e-06
  min_speed: 0.01
  max_hours: 9999.0
