model_type: coxnet
model_params:
  l1_ratio: 0.9999229279123972
  alpha_min_ratio: 0.09377482513187647
  n_alphas: 259
  max_iter: 19156
  tol: 1.056147974573409e-05
seed: 42
cv_n_splits: 5
cv_n_repeats: 10
preprocessing_config:
  eps: 1.0e-06
  min_speed: 0.01
  max_hours: 9999.0
