model_type: coxnet
model_params:
  l1_ratio: 0.0849569326298048
  alpha_min_ratio: 0.00033009347379896013
  n_alphas: 53
  max_iter: 9074
  tol: 1.4644399568309342e-05
seed: 1024
cv_n_splits: 5
cv_n_repeats: 10
preprocessing_config:
  eps: 1.0e-06
  min_speed: 0.01
  max_hours: 9999.0
