model_type: coxnet
model_params:
  l1_ratio: 0.8856900183925139
  alpha_min_ratio: 0.054491995383989814
  n_alphas: 200
  max_iter: 1705
  tol: 1.4628935700606364e-07
seed: 42
cv_n_splits: 5
cv_n_repeats: 10
preprocessing_config:
  eps: 1.0e-06
  min_speed: 0.01
  max_hours: 9999.0
