seed: 42
cv_n_splits: 5
cv_n_repeats: 10
gbsa_config:
  loss: coxph
  n_estimators: 453
  learning_rate: 0.028975242037978667
  subsample: 0.5485994339937386
  max_depth: 6
  max_features: null
  max_leaf_nodes: 63
  min_samples_split: 2
  min_samples_leaf: 5
  min_weight_fraction_leaf: 0.0
  min_impurity_decrease: 0.035330162527906404
  criterion: friedman_mse
  ccp_alpha: 0.004485774678202067
  dropout_rate: 0.06282128005113853
  validation_fraction: 0.13616563680903468
  n_iter_no_change: null
  tol: 0.00021914286557035175
  random_state: 42
  warm_start: false
  verbose: 0
preprocessing_config:
  eps: 1.0e-06
  min_speed: 0.01
  max_hours: 9999.0
