model_type: gbsa
model_params:
  loss: coxph
  n_estimators: 197
  learning_rate: 0.15410054357499453
  subsample: 0.5103772646045941
  max_depth: 4
  max_features: sqrt
  max_leaf_nodes: 63
  min_samples_split: 6
  min_samples_leaf: 14
  min_weight_fraction_leaf: 0.0
  min_impurity_decrease: 0.032523950889174175
  criterion: friedman_mse
  ccp_alpha: 1.4168400034026135e-07
  dropout_rate: 0.08577410984296562
  validation_fraction: 0.17037641191521247
  n_iter_no_change: 5
  tol: 0.00011671979186812285
  random_state: 2023
  warm_start: false
  verbose: 0
seed: 2023
cv_n_splits: 5
cv_n_repeats: 10
preprocessing_config:
  eps: 1.0e-06
  min_speed: 0.01
  max_hours: 9999.0
