model_type: coxnet
model_params:
  l1_ratio: 0.8744055217896004
  alpha_min_ratio: 0.009815120320590783
  n_alphas: 203
  max_iter: 1224
  tol: 7.709747907894608e-06
seed: 42
cv_n_splits: 5
cv_n_repeats: 10
preprocessing_config:
  eps: 1.0e-06
  min_speed: 0.01
  max_hours: 9999.0
