model_type: gbsa
model_params:
  loss: coxph
  n_estimators: 159
  learning_rate: 0.03367153891767079
  subsample: 0.6110136500569475
  max_depth: 1
  max_features: 0.3
  max_leaf_nodes: 8
  min_samples_split: 17
  min_samples_leaf: 16
  min_weight_fraction_leaf: 0.0
  min_impurity_decrease: 0.04611086002294825
  criterion: friedman_mse
  ccp_alpha: 5.39042748847802e-05
  dropout_rate: 0.2719198774071163
  validation_fraction: 0.28328986469565137
  n_iter_no_change: null
  tol: 7.794480590148296e-05
  random_state: 777
  warm_start: false
  verbose: 0
seed: 777
cv_n_splits: 5
cv_n_repeats: 10
preprocessing_config:
  eps: 1.0e-06
  min_speed: 0.01
  max_hours: 9999.0
