model_type: coxnet
model_params:
  l1_ratio: 0.968990493804384
  alpha_min_ratio: 0.08577695523348534
  n_alphas: 264
  max_iter: 19185
  tol: 4.846598434976001e-06
seed: 42
cv_n_splits: 5
cv_n_repeats: 10
preprocessing_config:
  eps: 1.0e-06
  min_speed: 0.01
  max_hours: 9999.0
