model_type: gbsa
model_params:
  loss: coxph
  n_estimators: 400
  learning_rate: 0.04521456190475677
  subsample: 0.7260261995589601
  max_depth: 4
  max_features: 1.0
  max_leaf_nodes: 16
  min_samples_split: 19
  min_samples_leaf: 1
  min_weight_fraction_leaf: 0.0
  min_impurity_decrease: 0.027549384434910007
  criterion: friedman_mse
  ccp_alpha: 0.04585680126136233
  dropout_rate: 0.08844910793391078
  validation_fraction: 0.24709952802776447
  n_iter_no_change: null
  tol: 0.0029961415873355
  random_state: 1024
  warm_start: false
  verbose: 0
seed: 1024
cv_n_splits: 5
cv_n_repeats: 10
preprocessing_config:
  eps: 1.0e-06
  min_speed: 0.01
  max_hours: 9999.0
