model_type: coxnet
model_params:
  l1_ratio: 0.9945665515134682
  alpha_min_ratio: 0.03965564194322425
  n_alphas: 257
  max_iter: 14494
  tol: 1.4876523909839134e-05
seed: 42
cv_n_splits: 5
cv_n_repeats: 10
preprocessing_config:
  eps: 1.0e-06
  min_speed: 0.01
  max_hours: 9999.0
