model_type: gbsa
model_params:
  loss: coxph
  n_estimators: 105
  learning_rate: 0.0849465741184434
  subsample: 0.6682781061947097
  max_depth: 2
  max_features: 0.3
  max_leaf_nodes: 31
  min_samples_split: 19
  min_samples_leaf: 7
  min_weight_fraction_leaf: 0.0
  min_impurity_decrease: 0.01205752132182079
  criterion: friedman_mse
  ccp_alpha: 0.00021041926457204555
  dropout_rate: 0.0924342736094086
  validation_fraction: 0.29066802356288773
  n_iter_no_change: null
  tol: 0.0003430462561080181
  random_state: 1024
  warm_start: false
  verbose: 0
seed: 1024
cv_n_splits: 5
cv_n_repeats: 10
preprocessing_config:
  eps: 1.0e-06
  min_speed: 0.01
  max_hours: 9999.0
