model_type: coxnet
model_params:
  l1_ratio: 0.13341379563552774
  alpha_min_ratio: 0.03802967054509022
  n_alphas: 100
  max_iter: 1636
  tol: 6.348920773511833e-07
seed: 42
cv_n_splits: 5
cv_n_repeats: 10
preprocessing_config:
  eps: 1.0e-06
  min_speed: 0.01
  max_hours: 9999.0
