model_type: coxnet
model_params:
  l1_ratio: 0.975906163248947
  alpha_min_ratio: 0.06112684579801598
  n_alphas: 238
  max_iter: 19325
  tol: 1.453662012937902e-05
seed: 1024
cv_n_splits: 5
cv_n_repeats: 10
preprocessing_config:
  eps: 1.0e-06
  min_speed: 0.01
  max_hours: 9999.0
