model_type: coxnet
model_params:
  l1_ratio: 0.9342944514109323
  alpha_min_ratio: 0.032381560844121436
  n_alphas: 80
  max_iter: 909
  tol: 8.358996069666371e-08
seed: 42
cv_n_splits: 5
cv_n_repeats: 10
preprocessing_config:
  eps: 1.0e-06
  min_speed: 0.01
  max_hours: 9999.0
