model_type: gbsa
model_params:
  loss: coxph
  n_estimators: 305
  learning_rate: 0.11437816063283442
  subsample: 0.566606388507368
  max_depth: 5
  max_features: 1.0
  max_leaf_nodes: null
  min_samples_split: 19
  min_samples_leaf: 11
  min_weight_fraction_leaf: 0.0
  min_impurity_decrease: 0.04776649505730962
  criterion: friedman_mse
  ccp_alpha: 0.0013583793414106789
  dropout_rate: 0.022448165507218898
  validation_fraction: 0.22002194794992
  n_iter_no_change: 20
  tol: 0.003747730858312516
  random_state: 1024
  warm_start: false
  verbose: 0
seed: 1024
cv_n_splits: 5
cv_n_repeats: 10
preprocessing_config:
  eps: 1.0e-06
  min_speed: 0.01
  max_hours: 9999.0
