model_type: gbsa
model_params:
  loss: coxph
  n_estimators: 330
  learning_rate: 0.16489719159440808
  subsample: 0.6360323228472149
  max_depth: 3
  max_features: 0.5
  max_leaf_nodes: 16
  min_samples_split: 12
  min_samples_leaf: 1
  min_weight_fraction_leaf: 0.0
  min_impurity_decrease: 0.045519962875748034
  criterion: friedman_mse
  ccp_alpha: 0.000640278541291949
  dropout_rate: 0.0020951815073662824
  validation_fraction: 0.27845685893054245
  n_iter_no_change: 5
  tol: 0.0020721334881620324
  random_state: 777
  warm_start: false
  verbose: 0
seed: 777
cv_n_splits: 5
cv_n_repeats: 10
preprocessing_config:
  eps: 1.0e-06
  min_speed: 0.01
  max_hours: 9999.0
