model_type: coxnet
model_params:
  l1_ratio: 0.7016858241057179
  alpha_min_ratio: 0.0985410190942581
  n_alphas: 255
  max_iter: 6106
  tol: 1.454744770123299e-06
seed: 42
cv_n_splits: 5
cv_n_repeats: 10
preprocessing_config:
  eps: 1.0e-06
  min_speed: 0.01
  max_hours: 9999.0
