model_type: gbsa
model_params:
  loss: coxph
  n_estimators: 360
  learning_rate: 0.06677688846252852
  subsample: 0.7699617222338766
  max_depth: 5
  max_features: sqrt
  max_leaf_nodes: 8
  min_samples_split: 7
  min_samples_leaf: 18
  min_weight_fraction_leaf: 0.0
  min_impurity_decrease: 0.03552283838103712
  criterion: friedman_mse
  ccp_alpha: 0.012583394427272628
  dropout_rate: 0.023437745236071412
  validation_fraction: 0.2903637562008657
  n_iter_no_change: null
  tol: 0.0002777388020466425
  random_state: 777
  warm_start: false
  verbose: 0
seed: 777
cv_n_splits: 5
cv_n_repeats: 10
preprocessing_config:
  eps: 1.0e-06
  min_speed: 0.01
  max_hours: 9999.0
