model_type: coxnet
model_params:
  l1_ratio: 0.9750225820534899
  alpha_min_ratio: 0.026998461756645917
  n_alphas: 221
  max_iter: 18889
  tol: 5.191693595727874e-05
seed: 42
cv_n_splits: 5
cv_n_repeats: 10
preprocessing_config:
  eps: 1.0e-06
  min_speed: 0.01
  max_hours: 9999.0
