model_type: gbsa
model_params:
  loss: coxph
  n_estimators: 309
  learning_rate: 0.06399545554661536
  subsample: 0.8944149682441676
  max_depth: 6
  max_features: null
  max_leaf_nodes: 63
  min_samples_split: 18
  min_samples_leaf: 3
  min_weight_fraction_leaf: 0.0
  min_impurity_decrease: 0.045744543519189086
  criterion: friedman_mse
  ccp_alpha: 0.012720659496528805
  dropout_rate: 0.009606572739884306
  validation_fraction: 0.25716665680319467
  n_iter_no_change: null
  tol: 0.007151419110093673
  random_state: 1024
  warm_start: false
  verbose: 0
seed: 1024
cv_n_splits: 5
cv_n_repeats: 10
preprocessing_config:
  eps: 1.0e-06
  min_speed: 0.01
  max_hours: 9999.0
