model_type: gbsa
model_params:
  loss: coxph
  n_estimators: 318
  learning_rate: 0.1035493378170492
  subsample: 0.7015704511600064
  max_depth: 2
  max_features: 0.3
  max_leaf_nodes: 31
  min_samples_split: 16
  min_samples_leaf: 13
  min_weight_fraction_leaf: 0.0
  min_impurity_decrease: 0.0375320683084735
  criterion: friedman_mse
  ccp_alpha: 2.4040116807470963e-08
  dropout_rate: 0.061003934157854885
  validation_fraction: 0.27864099411517645
  n_iter_no_change: 20
  tol: 3.125545742084203e-05
  random_state: 2023
  warm_start: false
  verbose: 0
seed: 2023
cv_n_splits: 5
cv_n_repeats: 10
preprocessing_config:
  eps: 1.0e-06
  min_speed: 0.01
  max_hours: 9999.0
