model_type: coxnet
model_params:
  l1_ratio: 0.7127878842175346
  alpha_min_ratio: 0.09504494361156075
  n_alphas: 251
  max_iter: 15735
  tol: 2.4844533985312724e-06
seed: 42
cv_n_splits: 5
cv_n_repeats: 10
preprocessing_config:
  eps: 1.0e-06
  min_speed: 0.01
  max_hours: 9999.0
