model_type: coxnet
model_params:
  l1_ratio: 0.9989015296398482
  alpha_min_ratio: 0.048138572137590714
  n_alphas: 252
  max_iter: 18830
  tol: 3.446041038043991e-06
seed: 42
cv_n_splits: 5
cv_n_repeats: 10
preprocessing_config:
  eps: 1.0e-06
  min_speed: 0.01
  max_hours: 9999.0
