model_type: coxnet
model_params:
  l1_ratio: 0.4431247554566873
  alpha_min_ratio: 0.003232687713669613
  n_alphas: 210
  max_iter: 1450
  tol: 1.7093071157174076e-08
seed: 42
cv_n_splits: 5
cv_n_repeats: 10
preprocessing_config:
  eps: 1.0e-06
  min_speed: 0.01
  max_hours: 9999.0
