model_type: coxnet
model_params:
  l1_ratio: 0.9915031073449047
  alpha_min_ratio: 0.05266745417710493
  n_alphas: 203
  max_iter: 1610
  tol: 2.179484576015632e-07
seed: 42
cv_n_splits: 5
cv_n_repeats: 10
preprocessing_config:
  eps: 1.0e-06
  min_speed: 0.01
  max_hours: 9999.0
