model_type: coxnet
model_params:
  l1_ratio: 0.8359481983557163
  alpha_min_ratio: 0.08598788023559467
  n_alphas: 210
  max_iter: 11378
  tol: 4.3495179386227123e-07
seed: 2023
cv_n_splits: 5
cv_n_repeats: 10
preprocessing_config:
  eps: 1.0e-06
  min_speed: 0.01
  max_hours: 9999.0
