model_type: coxnet
model_params:
  l1_ratio: 0.9828080734631347
  alpha_min_ratio: 0.034282443216302014
  n_alphas: 90
  max_iter: 15494
  tol: 2.055188944246845e-06
seed: 777
cv_n_splits: 5
cv_n_repeats: 10
preprocessing_config:
  eps: 1.0e-06
  min_speed: 0.01
  max_hours: 9999.0
