model_type: coxnet
model_params:
  l1_ratio: 0.061675578295814326
  alpha_min_ratio: 0.09824100446437449
  n_alphas: 183
  max_iter: 9676
  tol: 2.2747421477027908e-05
seed: 2023
cv_n_splits: 5
cv_n_repeats: 10
preprocessing_config:
  eps: 1.0e-06
  min_speed: 0.01
  max_hours: 9999.0
