model_type: coxnet
model_params:
  l1_ratio: 0.9554332482317752
  alpha_min_ratio: 0.030442091222446763
  n_alphas: 192
  max_iter: 10466
  tol: 6.7298962253766865e-06
seed: 777
cv_n_splits: 5
cv_n_repeats: 10
preprocessing_config:
  eps: 1.0e-06
  min_speed: 0.01
  max_hours: 9999.0
