model_type: coxnet
model_params:
  l1_ratio: 0.9641046781223348
  alpha_min_ratio: 0.09902505321924324
  n_alphas: 109
  max_iter: 14948
  tol: 3.3867593916197853e-07
seed: 1024
cv_n_splits: 5
cv_n_repeats: 10
preprocessing_config:
  eps: 1.0e-06
  min_speed: 0.01
  max_hours: 9999.0
