model_type: coxnet
model_params:
  l1_ratio: 0.7460093067205376
  alpha_min_ratio: 0.03488557346367335
  n_alphas: 155
  max_iter: 19882
  tol: 1.0778875781131437e-05
seed: 42
cv_n_splits: 5
cv_n_repeats: 10
preprocessing_config:
  eps: 1.0e-06
  min_speed: 0.01
  max_hours: 9999.0
