model_type: coxnet
model_params:
  l1_ratio: 0.8761454261953273
  alpha_min_ratio: 0.024948538830278557
  n_alphas: 274
  max_iter: 19482
  tol: 1.0256391187852044e-05
seed: 1024
cv_n_splits: 5
cv_n_repeats: 10
preprocessing_config:
  eps: 1.0e-06
  min_speed: 0.01
  max_hours: 9999.0
