model_type: gbsa
model_params:
  loss: coxph
  n_estimators: 61
  learning_rate: 0.1937595591136764
  subsample: 0.6662506892292714
  max_depth: 3
  max_features: 0.3
  max_leaf_nodes: 8
  min_samples_split: 12
  min_samples_leaf: 19
  min_weight_fraction_leaf: 0.0
  min_impurity_decrease: 0.0479927073699944
  criterion: friedman_mse
  ccp_alpha: 0.0001314269770594469
  dropout_rate: 0.1695575453267106
  validation_fraction: 0.2536265692495436
  n_iter_no_change: 10
  tol: 1.2490627485243216e-05
  random_state: 777
  warm_start: false
  verbose: 0
seed: 777
cv_n_splits: 5
cv_n_repeats: 10
preprocessing_config:
  eps: 1.0e-06
  min_speed: 0.01
  max_hours: 9999.0
