model_type: coxnet
model_params:
  l1_ratio: 0.9381116302195928
  alpha_min_ratio: 0.08506445484125488
  n_alphas: 296
  max_iter: 18135
  tol: 1.0776537040702478e-05
seed: 42
cv_n_splits: 5
cv_n_repeats: 10
preprocessing_config:
  eps: 1.0e-06
  min_speed: 0.01
  max_hours: 9999.0
