model_type: coxnet
model_params:
  l1_ratio: 0.6499316527797171
  alpha_min_ratio: 0.00013392715719995677
  n_alphas: 202
  max_iter: 14870
  tol: 6.552311571958942e-05
seed: 42
cv_n_splits: 5
cv_n_repeats: 10
preprocessing_config:
  eps: 1.0e-06
  min_speed: 0.01
  max_hours: 9999.0
