model_type: coxnet
model_params:
  l1_ratio: 0.24331038522751874
  alpha_min_ratio: 0.0002753702887036682
  n_alphas: 69
  max_iter: 6050
  tol: 1.5308291264938026e-07
seed: 42
cv_n_splits: 5
cv_n_repeats: 10
preprocessing_config:
  eps: 1.0e-06
  min_speed: 0.01
  max_hours: 9999.0
