model_type: coxnet
model_params:
  l1_ratio: 0.961981235020765
  alpha_min_ratio: 0.03385890137812874
  n_alphas: 237
  max_iter: 15163
  tol: 2.479745133019521e-05
seed: 1024
cv_n_splits: 5
cv_n_repeats: 10
preprocessing_config:
  eps: 1.0e-06
  min_speed: 0.01
  max_hours: 9999.0
