model_type: gbsa
model_params:
  loss: coxph
  n_estimators: 471
  learning_rate: 0.1684950693572266
  subsample: 0.5913982054051654
  max_depth: 2
  max_features: log2
  max_leaf_nodes: 31
  min_samples_split: 15
  min_samples_leaf: 18
  min_weight_fraction_leaf: 0.0
  min_impurity_decrease: 0.021167328139735382
  criterion: friedman_mse
  ccp_alpha: 1.7512025258577172e-06
  dropout_rate: 0.02588621590698064
  validation_fraction: 0.24990574882600666
  n_iter_no_change: null
  tol: 0.0031640352739789194
  random_state: 2023
  warm_start: false
  verbose: 0
seed: 2023
cv_n_splits: 5
cv_n_repeats: 10
preprocessing_config:
  eps: 1.0e-06
  min_speed: 0.01
  max_hours: 9999.0
