model_type: coxnet
model_params:
  l1_ratio: 0.7697358531483913
  alpha_min_ratio: 0.08685290215919557
  n_alphas: 231
  max_iter: 571
  tol: 2.9975986017161606e-06
seed: 42
cv_n_splits: 5
cv_n_repeats: 10
preprocessing_config:
  eps: 1.0e-06
  min_speed: 0.01
  max_hours: 9999.0
