model_type: coxnet
model_params:
  l1_ratio: 0.8196272701973991
  alpha_min_ratio: 0.05391620092184718
  n_alphas: 256
  max_iter: 15540
  tol: 8.120593466012526e-08
seed: 2023
cv_n_splits: 5
cv_n_repeats: 10
preprocessing_config:
  eps: 1.0e-06
  min_speed: 0.01
  max_hours: 9999.0
