model_type: gbsa
model_params:
  loss: coxph
  n_estimators: 263
  learning_rate: 0.05447452588430785
  subsample: 0.6756214014397417
  max_depth: 2
  max_features: null
  max_leaf_nodes: null
  min_samples_split: 7
  min_samples_leaf: 8
  min_weight_fraction_leaf: 0.0
  min_impurity_decrease: 0.042665057328915165
  criterion: friedman_mse
  ccp_alpha: 0.05336695026230021
  dropout_rate: 0.0028551417635865294
  validation_fraction: 0.1471353917016185
  n_iter_no_change: 20
  tol: 0.000787445077507766
  random_state: 2023
  warm_start: false
  verbose: 0
seed: 2023
cv_n_splits: 5
cv_n_repeats: 10
preprocessing_config:
  eps: 1.0e-06
  min_speed: 0.01
  max_hours: 9999.0
