model_type: coxnet
model_params:
  l1_ratio: 0.969449203752007
  alpha_min_ratio: 0.08298792475356499
  n_alphas: 119
  max_iter: 14256
  tol: 1.1663080596418316e-05
seed: 777
cv_n_splits: 5
cv_n_repeats: 10
preprocessing_config:
  eps: 1.0e-06
  min_speed: 0.01
  max_hours: 9999.0
