model_type: coxnet
model_params:
  l1_ratio: 0.24992933724123945
  alpha_min_ratio: 0.052082862616647865
  n_alphas: 291
  max_iter: 10694
  tol: 5.00909025646924e-06
seed: 2023
cv_n_splits: 5
cv_n_repeats: 10
preprocessing_config:
  eps: 1.0e-06
  min_speed: 0.01
  max_hours: 9999.0
