model_type: coxnet
model_params:
  l1_ratio: 0.9305690491256465
  alpha_min_ratio: 0.09430354331040665
  n_alphas: 246
  max_iter: 19566
  tol: 1.553195606493967e-05
seed: 42
cv_n_splits: 5
cv_n_repeats: 10
preprocessing_config:
  eps: 1.0e-06
  min_speed: 0.01
  max_hours: 9999.0
