model_type: coxnet
model_params:
  l1_ratio: 0.9558990201007505
  alpha_min_ratio: 0.038924086252704715
  n_alphas: 206
  max_iter: 946
  tol: 4.367945169044864e-08
seed: 42
cv_n_splits: 5
cv_n_repeats: 10
preprocessing_config:
  eps: 1.0e-06
  min_speed: 0.01
  max_hours: 9999.0
