model_type: coxnet
model_params:
  l1_ratio: 0.8458216510226259
  alpha_min_ratio: 0.08373587457797478
  n_alphas: 69
  max_iter: 12459
  tol: 6.843311968996307e-07
seed: 777
cv_n_splits: 5
cv_n_repeats: 10
preprocessing_config:
  eps: 1.0e-06
  min_speed: 0.01
  max_hours: 9999.0
