model_type: gbsa
model_params:
  loss: coxph
  n_estimators: 452
  learning_rate: 0.15982333777771252
  subsample: 0.7052528828259758
  max_depth: 3
  max_features: log2
  max_leaf_nodes: 8
  min_samples_split: 11
  min_samples_leaf: 11
  min_weight_fraction_leaf: 0.0
  min_impurity_decrease: 0.0307387089349973
  criterion: friedman_mse
  ccp_alpha: 3.040013995742685e-08
  dropout_rate: 0.14849972310074572
  validation_fraction: 0.1444146450617552
  n_iter_no_change: 5
  tol: 1.5707853179700985e-05
  random_state: 2023
  warm_start: false
  verbose: 0
seed: 2023
cv_n_splits: 5
cv_n_repeats: 10
preprocessing_config:
  eps: 1.0e-06
  min_speed: 0.01
  max_hours: 9999.0
