model_type: coxnet
model_params:
  l1_ratio: 0.8298232392186088
  alpha_min_ratio: 0.0781458026994856
  n_alphas: 247
  max_iter: 18995
  tol: 1.5060982557062627e-05
seed: 1024
cv_n_splits: 5
cv_n_repeats: 10
preprocessing_config:
  eps: 1.0e-06
  min_speed: 0.01
  max_hours: 9999.0
