model_type: coxnet
model_params:
  l1_ratio: 0.9021329524414474
  alpha_min_ratio: 0.09201124687336411
  n_alphas: 96
  max_iter: 17367
  tol: 1.7192115601253662e-07
seed: 2023
cv_n_splits: 5
cv_n_repeats: 10
preprocessing_config:
  eps: 1.0e-06
  min_speed: 0.01
  max_hours: 9999.0
