model_type: coxnet
model_params:
  l1_ratio: 0.9410497272998453
  alpha_min_ratio: 0.0003486658825909778
  n_alphas: 70
  max_iter: 1220
  tol: 1.5341295486879613e-08
seed: 777
cv_n_splits: 5
cv_n_repeats: 10
preprocessing_config:
  eps: 1.0e-06
  min_speed: 0.01
  max_hours: 9999.0
