model_type: gbsa
model_params:
  loss: coxph
  n_estimators: 264
  learning_rate: 0.05462195342904566
  subsample: 0.8455891043995234
  max_depth: 3
  max_features: 1.0
  max_leaf_nodes: 63
  min_samples_split: 12
  min_samples_leaf: 12
  min_weight_fraction_leaf: 0.0
  min_impurity_decrease: 0.04699528635936527
  criterion: friedman_mse
  ccp_alpha: 0.00015318859740738955
  dropout_rate: 0.04822447891786151
  validation_fraction: 0.22922573008309494
  n_iter_no_change: null
  tol: 0.0010201703289660583
  random_state: 1024
  warm_start: false
  verbose: 0
seed: 1024
cv_n_splits: 5
cv_n_repeats: 10
preprocessing_config:
  eps: 1.0e-06
  min_speed: 0.01
  max_hours: 9999.0
