model_type: gbsa
model_params:
  loss: coxph
  n_estimators: 244
  learning_rate: 0.13846672676400906
  subsample: 0.6040808578667968
  max_depth: 4
  max_features: 0.5
  max_leaf_nodes: 8
  min_samples_split: 17
  min_samples_leaf: 3
  min_weight_fraction_leaf: 0.0
  min_impurity_decrease: 0.04088317161703687
  criterion: friedman_mse
  ccp_alpha: 1.2562524101466044e-05
  dropout_rate: 0.0016168789265117774
  validation_fraction: 0.13484678876777967
  n_iter_no_change: null
  tol: 1.566745309218557e-05
  random_state: 777
  warm_start: false
  verbose: 0
seed: 777
cv_n_splits: 5
cv_n_repeats: 10
preprocessing_config:
  eps: 1.0e-06
  min_speed: 0.01
  max_hours: 9999.0
