model_type: coxnet
model_params:
  l1_ratio: 0.9700725032205073
  alpha_min_ratio: 0.07731915392823563
  n_alphas: 205
  max_iter: 11435
  tol: 7.344704171590416e-07
seed: 2023
cv_n_splits: 5
cv_n_repeats: 10
preprocessing_config:
  eps: 1.0e-06
  min_speed: 0.01
  max_hours: 9999.0
