model_type: coxnet
model_params:
  l1_ratio: 0.7586584633978155
  alpha_min_ratio: 0.03002797425022483
  n_alphas: 287
  max_iter: 16078
  tol: 7.443512285337598e-05
seed: 1024
cv_n_splits: 5
cv_n_repeats: 10
preprocessing_config:
  eps: 1.0e-06
  min_speed: 0.01
  max_hours: 9999.0
