model_type: gbsa
model_params:
  loss: coxph
  n_estimators: 463
  learning_rate: 0.1529217149432408
  subsample: 0.8468994414285387
  max_depth: 3
  max_features: 0.7
  max_leaf_nodes: 63
  min_samples_split: 2
  min_samples_leaf: 3
  min_weight_fraction_leaf: 0.0
  min_impurity_decrease: 0.03263937959220595
  criterion: friedman_mse
  ccp_alpha: 0.001631545014630832
  dropout_rate: 0.008103524499732846
  validation_fraction: 0.2560677829082807
  n_iter_no_change: 10
  tol: 0.00045177329106237856
  random_state: 1024
  warm_start: false
  verbose: 0
seed: 1024
cv_n_splits: 5
cv_n_repeats: 10
preprocessing_config:
  eps: 1.0e-06
  min_speed: 0.01
  max_hours: 9999.0
