model_type: coxnet
model_params:
  l1_ratio: 0.7972102617592531
  alpha_min_ratio: 0.06543228423710142
  n_alphas: 300
  max_iter: 18059
  tol: 8.312596053035738e-06
seed: 2023
cv_n_splits: 5
cv_n_repeats: 10
preprocessing_config:
  eps: 1.0e-06
  min_speed: 0.01
  max_hours: 9999.0
