model_type: coxnet
model_params:
  l1_ratio: 0.998188313378999
  alpha_min_ratio: 0.07155685777679545
  n_alphas: 290
  max_iter: 18263
  tol: 7.435891653818916e-06
seed: 42
cv_n_splits: 5
cv_n_repeats: 10
preprocessing_config:
  eps: 1.0e-06
  min_speed: 0.01
  max_hours: 9999.0
