model_type: coxnet
model_params:
  l1_ratio: 0.8065492607299718
  alpha_min_ratio: 0.05570445165734986
  n_alphas: 255
  max_iter: 13746
  tol: 3.0767317499420347e-07
seed: 2023
cv_n_splits: 5
cv_n_repeats: 10
preprocessing_config:
  eps: 1.0e-06
  min_speed: 0.01
  max_hours: 9999.0
