model_type: coxnet
model_params:
  l1_ratio: 0.9747119056330523
  alpha_min_ratio: 0.08133590823604157
  n_alphas: 167
  max_iter: 1428
  tol: 8.085881022936144e-05
seed: 42
cv_n_splits: 5
cv_n_repeats: 10
preprocessing_config:
  eps: 1.0e-06
  min_speed: 0.01
  max_hours: 9999.0
