model_type: gbsa
model_params:
  loss: coxph
  n_estimators: 491
  learning_rate: 0.14443851559869333
  subsample: 0.8384953029279676
  max_depth: 3
  max_features: sqrt
  max_leaf_nodes: 31
  min_samples_split: 2
  min_samples_leaf: 18
  min_weight_fraction_leaf: 0.0
  min_impurity_decrease: 0.030550757821011333
  criterion: friedman_mse
  ccp_alpha: 0.0367842776569043
  dropout_rate: 0.04299199662032954
  validation_fraction: 0.2048971749244518
  n_iter_no_change: null
  tol: 2.3487674116615086e-05
  random_state: 42
  warm_start: false
  verbose: 0
seed: 42
cv_n_splits: 5
cv_n_repeats: 10
preprocessing_config:
  eps: 1.0e-06
  min_speed: 0.01
  max_hours: 9999.0
