model_type: coxnet
model_params:
  l1_ratio: 0.9288609055806142
  alpha_min_ratio: 0.061354467985048386
  n_alphas: 234
  max_iter: 13894
  tol: 1.0267501273231742e-08
seed: 2023
cv_n_splits: 5
cv_n_repeats: 10
preprocessing_config:
  eps: 1.0e-06
  min_speed: 0.01
  max_hours: 9999.0
