model_type: coxnet
model_params:
  l1_ratio: 0.9617589064349643
  alpha_min_ratio: 0.057580681269990996
  n_alphas: 259
  max_iter: 18984
  tol: 7.310477598393754e-05
seed: 1024
cv_n_splits: 5
cv_n_repeats: 10
preprocessing_config:
  eps: 1.0e-06
  min_speed: 0.01
  max_hours: 9999.0
