model_type: gbsa
model_params:
  loss: coxph
  n_estimators: 301
  learning_rate: 0.11034915751791659
  subsample: 0.7133461771331637
  max_depth: 6
  max_features: 0.5
  max_leaf_nodes: 31
  min_samples_split: 10
  min_samples_leaf: 11
  min_weight_fraction_leaf: 0.0
  min_impurity_decrease: 0.028539733303298623
  criterion: friedman_mse
  ccp_alpha: 0.08105837763685496
  dropout_rate: 0.010501050676947555
  validation_fraction: 0.28747201420526725
  n_iter_no_change: null
  tol: 2.7562043891765668e-05
  random_state: 42
  warm_start: false
  verbose: 0
seed: 42
cv_n_splits: 5
cv_n_repeats: 10
preprocessing_config:
  eps: 1.0e-06
  min_speed: 0.01
  max_hours: 9999.0
