model_type: gbsa
model_params:
  loss: coxph
  n_estimators: 294
  learning_rate: 0.17108153762837652
  subsample: 0.5183099855726488
  max_depth: 2
  max_features: 0.7
  max_leaf_nodes: 8
  min_samples_split: 14
  min_samples_leaf: 18
  min_weight_fraction_leaf: 0.0
  min_impurity_decrease: 0.0015069686917097355
  criterion: friedman_mse
  ccp_alpha: 0.010514651890699597
  dropout_rate: 0.0987544051631277
  validation_fraction: 0.18583704760830885
  n_iter_no_change: 5
  tol: 0.00013018684695136239
  random_state: 2023
  warm_start: false
  verbose: 0
seed: 2023
cv_n_splits: 5
cv_n_repeats: 10
preprocessing_config:
  eps: 1.0e-06
  min_speed: 0.01
  max_hours: 9999.0
