model_type: coxnet
model_params:
  l1_ratio: 0.918385770419289
  alpha_min_ratio: 0.06447302294709713
  n_alphas: 215
  max_iter: 509
  tol: 1.5834432397480404e-07
seed: 42
cv_n_splits: 5
cv_n_repeats: 10
preprocessing_config:
  eps: 1.0e-06
  min_speed: 0.01
  max_hours: 9999.0
