model_type: coxnet
model_params:
  l1_ratio: 0.8283321733154931
  alpha_min_ratio: 0.09244300819280042
  n_alphas: 251
  max_iter: 19324
  tol: 8.796908976189431e-05
seed: 1024
cv_n_splits: 5
cv_n_repeats: 10
preprocessing_config:
  eps: 1.0e-06
  min_speed: 0.01
  max_hours: 9999.0
