model_type: coxnet
model_params:
  l1_ratio: 0.7690796068885988
  alpha_min_ratio: 0.0007839387164648529
  n_alphas: 61
  max_iter: 3965
  tol: 3.1529504985704773e-08
seed: 2023
cv_n_splits: 5
cv_n_repeats: 10
preprocessing_config:
  eps: 1.0e-06
  min_speed: 0.01
  max_hours: 9999.0
