model_type: gbsa
model_params:
  loss: coxph
  n_estimators: 445
  learning_rate: 0.048000860343702226
  subsample: 0.5257273291856078
  max_depth: 2
  max_features: sqrt
  max_leaf_nodes: 31
  min_samples_split: 14
  min_samples_leaf: 12
  min_weight_fraction_leaf: 0.0
  min_impurity_decrease: 0.009240187841472732
  criterion: friedman_mse
  ccp_alpha: 2.2250356828524338e-05
  dropout_rate: 0.130248430067062
  validation_fraction: 0.22305751488197353
  n_iter_no_change: null
  tol: 0.003907960594071745
  random_state: 2023
  warm_start: false
  verbose: 0
seed: 2023
cv_n_splits: 5
cv_n_repeats: 10
preprocessing_config:
  eps: 1.0e-06
  min_speed: 0.01
  max_hours: 9999.0
