model_type: gbsa
model_params:
  loss: coxph
  n_estimators: 350
  learning_rate: 0.12188929958571736
  subsample: 0.7714753045770679
  max_depth: 5
  max_features: 0.3
  max_leaf_nodes: 8
  min_samples_split: 5
  min_samples_leaf: 5
  min_weight_fraction_leaf: 0.0
  min_impurity_decrease: 0.014778858781484463
  criterion: friedman_mse
  ccp_alpha: 0.0001103262958903066
  dropout_rate: 0.04635717278091908
  validation_fraction: 0.21857605464493726
  n_iter_no_change: 10
  tol: 1.4345386628011491e-05
  random_state: 777
  warm_start: false
  verbose: 0
seed: 777
cv_n_splits: 5
cv_n_repeats: 10
preprocessing_config:
  eps: 1.0e-06
  min_speed: 0.01
  max_hours: 9999.0
