model_type: coxnet
model_params:
  l1_ratio: 0.41260797075233674
  alpha_min_ratio: 0.037656680379163636
  n_alphas: 195
  max_iter: 2410
  tol: 9.673903631960085e-05
seed: 2023
cv_n_splits: 5
cv_n_repeats: 10
preprocessing_config:
  eps: 1.0e-06
  min_speed: 0.01
  max_hours: 9999.0
