model_type: gbsa
model_params:
  loss: coxph
  n_estimators: 397
  learning_rate: 0.04097100426276318
  subsample: 0.9035638054246519
  max_depth: 4
  max_features: 0.5
  max_leaf_nodes: 16
  min_samples_split: 13
  min_samples_leaf: 5
  min_weight_fraction_leaf: 0.0
  min_impurity_decrease: 0.023582179295386887
  criterion: friedman_mse
  ccp_alpha: 0.029686329355044422
  dropout_rate: 0.05507965494545345
  validation_fraction: 0.1955155915252077
  n_iter_no_change: null
  tol: 1.7058244730428138e-05
  random_state: 777
  warm_start: false
  verbose: 0
seed: 777
cv_n_splits: 5
cv_n_repeats: 10
preprocessing_config:
  eps: 1.0e-06
  min_speed: 0.01
  max_hours: 9999.0
