model_type: gbsa
model_params:
  loss: coxph
  n_estimators: 450
  learning_rate: 0.09399066103446427
  subsample: 0.579216325953856
  max_depth: 4
  max_features: 0.3
  max_leaf_nodes: 8
  min_samples_split: 4
  min_samples_leaf: 3
  min_weight_fraction_leaf: 0.0
  min_impurity_decrease: 0.018822024665374762
  criterion: friedman_mse
  ccp_alpha: 0.026701634063526627
  dropout_rate: 0.011782141519533527
  validation_fraction: 0.2583397433785459
  n_iter_no_change: 5
  tol: 4.615520107775675e-05
  random_state: 777
  warm_start: false
  verbose: 0
seed: 777
cv_n_splits: 5
cv_n_repeats: 10
preprocessing_config:
  eps: 1.0e-06
  min_speed: 0.01
  max_hours: 9999.0
