model_type: coxnet
model_params:
  l1_ratio: 0.6980620214691676
  alpha_min_ratio: 0.09932386237584094
  n_alphas: 189
  max_iter: 644
  tol: 8.976729708259163e-06
seed: 42
cv_n_splits: 5
cv_n_repeats: 10
preprocessing_config:
  eps: 1.0e-06
  min_speed: 0.01
  max_hours: 9999.0
