model_type: gbsa
model_params:
  loss: coxph
  n_estimators: 393
  learning_rate: 0.06134120853072841
  subsample: 0.8051989873082832
  max_depth: 4
  max_features: 0.3
  max_leaf_nodes: 8
  min_samples_split: 18
  min_samples_leaf: 2
  min_weight_fraction_leaf: 0.0
  min_impurity_decrease: 0.03201374401715644
  criterion: friedman_mse
  ccp_alpha: 0.005039926367206397
  dropout_rate: 0.024646979712306644
  validation_fraction: 0.28953028032477185
  n_iter_no_change: null
  tol: 0.0005978679083825573
  random_state: 1024
  warm_start: false
  verbose: 0
seed: 1024
cv_n_splits: 5
cv_n_repeats: 10
preprocessing_config:
  eps: 1.0e-06
  min_speed: 0.01
  max_hours: 9999.0
