model_type: coxnet
model_params:
  l1_ratio: 0.8982423556754233
  alpha_min_ratio: 0.07731060115980916
  n_alphas: 107
  max_iter: 18175
  tol: 3.018764779711083e-06
seed: 777
cv_n_splits: 5
cv_n_repeats: 10
preprocessing_config:
  eps: 1.0e-06
  min_speed: 0.01
  max_hours: 9999.0
