model_type: coxnet
model_params:
  l1_ratio: 0.8959890169195367
  alpha_min_ratio: 0.032746881446563667
  n_alphas: 54
  max_iter: 12229
  tol: 2.8097701465566813e-07
seed: 777
cv_n_splits: 5
cv_n_repeats: 10
preprocessing_config:
  eps: 1.0e-06
  min_speed: 0.01
  max_hours: 9999.0
