model_type: coxnet
model_params:
  l1_ratio: 0.9585592381714881
  alpha_min_ratio: 0.06052593223608344
  n_alphas: 147
  max_iter: 190
  tol: 4.3113992735328816e-05
seed: 42
cv_n_splits: 5
cv_n_repeats: 10
preprocessing_config:
  eps: 1.0e-06
  min_speed: 0.01
  max_hours: 9999.0
