model_type: coxnet
model_params:
  l1_ratio: 0.8913292599804074
  alpha_min_ratio: 0.04398141503609131
  n_alphas: 156
  max_iter: 19247
  tol: 6.831338050925432e-05
seed: 1024
cv_n_splits: 5
cv_n_repeats: 10
preprocessing_config:
  eps: 1.0e-06
  min_speed: 0.01
  max_hours: 9999.0
