model_type: gbsa
model_params:
  loss: coxph
  n_estimators: 303
  learning_rate: 0.11198935531263463
  subsample: 0.692946958228175
  max_depth: 6
  max_features: 1.0
  max_leaf_nodes: 31
  min_samples_split: 13
  min_samples_leaf: 3
  min_weight_fraction_leaf: 0.0
  min_impurity_decrease: 0.030489669432366216
  criterion: friedman_mse
  ccp_alpha: 0.0001684021785958295
  dropout_rate: 0.009171947157863722
  validation_fraction: 0.13587512877856076
  n_iter_no_change: null
  tol: 1.2150379353917195e-05
  random_state: 777
  warm_start: false
  verbose: 0
seed: 777
cv_n_splits: 5
cv_n_repeats: 10
preprocessing_config:
  eps: 1.0e-06
  min_speed: 0.01
  max_hours: 9999.0
