model_type: coxnet
model_params:
  l1_ratio: 0.9929255409433083
  alpha_min_ratio: 0.06090601316921148
  n_alphas: 243
  max_iter: 1330
  tol: 1.6587688298427415e-06
seed: 42
cv_n_splits: 5
cv_n_repeats: 10
preprocessing_config:
  eps: 1.0e-06
  min_speed: 0.01
  max_hours: 9999.0
