model_type: coxnet
model_params:
  l1_ratio: 0.19234256700170294
  alpha_min_ratio: 0.0011901201418035845
  n_alphas: 56
  max_iter: 193
  tol: 1.9565265272514912e-05
seed: 42
cv_n_splits: 5
cv_n_repeats: 10
preprocessing_config:
  eps: 1.0e-06
  min_speed: 0.01
  max_hours: 9999.0
