model_type: gbsa
model_params:
  loss: coxph
  n_estimators: 491
  learning_rate: 0.12907168305931901
  subsample: 0.7447127259301802
  max_depth: 5
  max_features: sqrt
  max_leaf_nodes: null
  min_samples_split: 9
  min_samples_leaf: 14
  min_weight_fraction_leaf: 0.0
  min_impurity_decrease: 0.02224250787166833
  criterion: friedman_mse
  ccp_alpha: 0.00032486083651655503
  dropout_rate: 0.12799673702671457
  validation_fraction: 0.20960734862385336
  n_iter_no_change: 5
  tol: 0.0001329688853593376
  random_state: 42
  warm_start: false
  verbose: 0
seed: 42
cv_n_splits: 5
cv_n_repeats: 10
preprocessing_config:
  eps: 1.0e-06
  min_speed: 0.01
  max_hours: 9999.0
