model_type: gbsa
model_params:
  loss: coxph
  n_estimators: 341
  learning_rate: 0.16865153017431667
  subsample: 0.7986704915554148
  max_depth: 3
  max_features: null
  max_leaf_nodes: 63
  min_samples_split: 19
  min_samples_leaf: 7
  min_weight_fraction_leaf: 0.0
  min_impurity_decrease: 0.012444970930179534
  criterion: friedman_mse
  ccp_alpha: 6.016804462344888e-06
  dropout_rate: 0.10119912839307836
  validation_fraction: 0.2603214470896501
  n_iter_no_change: null
  tol: 0.007930903642216828
  random_state: 1024
  warm_start: false
  verbose: 0
seed: 1024
cv_n_splits: 5
cv_n_repeats: 10
preprocessing_config:
  eps: 1.0e-06
  min_speed: 0.01
  max_hours: 9999.0
