model_type: coxnet
model_params:
  l1_ratio: 0.7897952007895371
  alpha_min_ratio: 0.03145656008207394
  n_alphas: 134
  max_iter: 16993
  tol: 2.2027309119538661e-07
seed: 1024
cv_n_splits: 5
cv_n_repeats: 10
preprocessing_config:
  eps: 1.0e-06
  min_speed: 0.01
  max_hours: 9999.0
