model_type: coxnet
model_params:
  l1_ratio: 0.04919886041751104
  alpha_min_ratio: 0.0912506087170095
  n_alphas: 232
  max_iter: 1316
  tol: 2.408979983145861e-06
seed: 42
cv_n_splits: 5
cv_n_repeats: 10
preprocessing_config:
  eps: 1.0e-06
  min_speed: 0.01
  max_hours: 9999.0
