model_type: coxnet
model_params:
  l1_ratio: 0.9405712566417794
  alpha_min_ratio: 0.06955391317226241
  n_alphas: 50
  max_iter: 15965
  tol: 7.520046360684805e-05
seed: 2023
cv_n_splits: 5
cv_n_repeats: 10
preprocessing_config:
  eps: 1.0e-06
  min_speed: 0.01
  max_hours: 9999.0
