model_type: coxnet
model_params:
  l1_ratio: 0.8739560854815964
  alpha_min_ratio: 0.045864123288218206
  n_alphas: 296
  max_iter: 1031
  tol: 7.25977546102082e-06
seed: 42
cv_n_splits: 5
cv_n_repeats: 10
preprocessing_config:
  eps: 1.0e-06
  min_speed: 0.01
  max_hours: 9999.0
