model_type: coxnet
model_params:
  l1_ratio: 0.9774440052288197
  alpha_min_ratio: 0.06423848433735779
  n_alphas: 51
  max_iter: 17209
  tol: 7.166912996167434e-05
seed: 2023
cv_n_splits: 5
cv_n_repeats: 10
preprocessing_config:
  eps: 1.0e-06
  min_speed: 0.01
  max_hours: 9999.0
