model_type: coxnet
model_params:
  l1_ratio: 0.9687072168914233
  alpha_min_ratio: 0.01911852338290757
  n_alphas: 296
  max_iter: 1554
  tol: 2.0856829462329272e-06
seed: 42
cv_n_splits: 5
cv_n_repeats: 10
preprocessing_config:
  eps: 1.0e-06
  min_speed: 0.01
  max_hours: 9999.0
