model_type: coxnet
model_params:
  l1_ratio: 0.978808472847795
  alpha_min_ratio: 0.08721525440222391
  n_alphas: 199
  max_iter: 11428
  tol: 5.040273755673994e-06
seed: 2023
cv_n_splits: 5
cv_n_repeats: 10
preprocessing_config:
  eps: 1.0e-06
  min_speed: 0.01
  max_hours: 9999.0
