seed: 42
cv_n_splits: 5
cv_n_repeats: 10
gbsa_config:
  loss: coxph
  n_estimators: 433
  learning_rate: 0.056852965492750845
  subsample: 0.5584965303236261
  max_depth: 6
  max_features: 0.7
  max_leaf_nodes: 31
  min_samples_split: 3
  min_samples_leaf: 10
  min_weight_fraction_leaf: 0.0
  min_impurity_decrease: 0.002394843324225727
  criterion: friedman_mse
  ccp_alpha: 1.0918063674386923e-05
  dropout_rate: 0.03324462699653186
  validation_fraction: 0.21919544995223658
  n_iter_no_change: null
  tol: 2.212281948096819e-05
  random_state: 42
  warm_start: false
  verbose: 0
preprocessing_config:
  eps: 1.0e-06
  min_speed: 0.01
  max_hours: 9999.0
