model_type: coxnet
model_params:
  l1_ratio: 0.8241337198299743
  alpha_min_ratio: 0.09181509805312457
  n_alphas: 216
  max_iter: 1422
  tol: 2.66877231831423e-05
seed: 42
cv_n_splits: 5
cv_n_repeats: 10
preprocessing_config:
  eps: 1.0e-06
  min_speed: 0.01
  max_hours: 9999.0
