model_type: coxnet
model_params:
  l1_ratio: 0.7077257640861669
  alpha_min_ratio: 0.00013169003962293415
  n_alphas: 64
  max_iter: 14582
  tol: 5.7361403018230566e-05
seed: 777
cv_n_splits: 5
cv_n_repeats: 10
preprocessing_config:
  eps: 1.0e-06
  min_speed: 0.01
  max_hours: 9999.0
