model_type: coxnet
model_params:
  l1_ratio: 0.9648177941986513
  alpha_min_ratio: 0.04243351503469817
  n_alphas: 216
  max_iter: 19862
  tol: 8.118839984623256e-06
seed: 1024
cv_n_splits: 5
cv_n_repeats: 10
preprocessing_config:
  eps: 1.0e-06
  min_speed: 0.01
  max_hours: 9999.0
