model_type: gbsa
model_params:
  loss: coxph
  n_estimators: 487
  learning_rate: 0.12005539314533117
  subsample: 0.5154666942259186
  max_depth: 1
  max_features: sqrt
  max_leaf_nodes: 31
  min_samples_split: 19
  min_samples_leaf: 16
  min_weight_fraction_leaf: 0.0
  min_impurity_decrease: 0.025546824125186482
  criterion: friedman_mse
  ccp_alpha: 1.255392466720241e-06
  dropout_rate: 0.06010470551002614
  validation_fraction: 0.25939964010227007
  n_iter_no_change: null
  tol: 0.00018159296865598144
  random_state: 2023
  warm_start: false
  verbose: 0
seed: 2023
cv_n_splits: 5
cv_n_repeats: 10
preprocessing_config:
  eps: 1.0e-06
  min_speed: 0.01
  max_hours: 9999.0
