model_type: coxnet
model_params:
  l1_ratio: 0.695768229199488
  alpha_min_ratio: 0.0002256148384691675
  n_alphas: 81
  max_iter: 16234
  tol: 3.39768886456267e-05
seed: 1024
cv_n_splits: 5
cv_n_repeats: 10
preprocessing_config:
  eps: 1.0e-06
  min_speed: 0.01
  max_hours: 9999.0
