model_type: coxnet
model_params:
  l1_ratio: 0.5890933514783279
  alpha_min_ratio: 0.05620104919555614
  n_alphas: 286
  max_iter: 16697
  tol: 1.3351773209307617e-05
seed: 1024
cv_n_splits: 5
cv_n_repeats: 10
preprocessing_config:
  eps: 1.0e-06
  min_speed: 0.01
  max_hours: 9999.0
