model_type: coxnet
model_params:
  l1_ratio: 0.9364673689599619
  alpha_min_ratio: 0.04831147763769918
  n_alphas: 155
  max_iter: 13101
  tol: 8.54454133796945e-06
seed: 777
cv_n_splits: 5
cv_n_repeats: 10
preprocessing_config:
  eps: 1.0e-06
  min_speed: 0.01
  max_hours: 9999.0
