model_type: gbsa
model_params:
  loss: coxph
  n_estimators: 393
  learning_rate: 0.049881978731515876
  subsample: 0.7457664043622775
  max_depth: 1
  max_features: log2
  max_leaf_nodes: 31
  min_samples_split: 11
  min_samples_leaf: 20
  min_weight_fraction_leaf: 0.0
  min_impurity_decrease: 0.021494773491278044
  criterion: friedman_mse
  ccp_alpha: 6.118634028127525e-07
  dropout_rate: 0.03988271714132588
  validation_fraction: 0.22135214334435133
  n_iter_no_change: 10
  tol: 0.0007730644811839569
  random_state: 2023
  warm_start: false
  verbose: 0
seed: 2023
cv_n_splits: 5
cv_n_repeats: 10
preprocessing_config:
  eps: 1.0e-06
  min_speed: 0.01
  max_hours: 9999.0
