model_type: coxnet
model_params:
  l1_ratio: 0.8599031953306081
  alpha_min_ratio: 0.09606844522994973
  n_alphas: 227
  max_iter: 19043
  tol: 7.247563997110359e-06
seed: 42
cv_n_splits: 5
cv_n_repeats: 10
preprocessing_config:
  eps: 1.0e-06
  min_speed: 0.01
  max_hours: 9999.0
