model_type: gbsa
model_params:
  loss: coxph
  n_estimators: 100
  learning_rate: 0.08288148125706092
  subsample: 0.6415460456409512
  max_depth: 1
  max_features: null
  max_leaf_nodes: 31
  min_samples_split: 20
  min_samples_leaf: 12
  min_weight_fraction_leaf: 0.0
  min_impurity_decrease: 0.010068269641312761
  criterion: friedman_mse
  ccp_alpha: 9.521580320774024e-06
  dropout_rate: 0.05404051242636941
  validation_fraction: 0.11501091621294014
  n_iter_no_change: null
  tol: 3.658328847050885e-05
  random_state: 777
  warm_start: false
  verbose: 0
seed: 777
cv_n_splits: 5
cv_n_repeats: 10
preprocessing_config:
  eps: 1.0e-06
  min_speed: 0.01
  max_hours: 9999.0
