model_type: coxnet
model_params:
  l1_ratio: 0.8501721293244793
  alpha_min_ratio: 0.09311371614432248
  n_alphas: 51
  max_iter: 1495
  tol: 7.396972747791469e-07
seed: 42
cv_n_splits: 5
cv_n_repeats: 10
preprocessing_config:
  eps: 1.0e-06
  min_speed: 0.01
  max_hours: 9999.0
