model_type: gbsa
model_params:
  loss: coxph
  n_estimators: 402
  learning_rate: 0.07691417121491943
  subsample: 0.9057988640064395
  max_depth: 6
  max_features: sqrt
  max_leaf_nodes: 8
  min_samples_split: 4
  min_samples_leaf: 13
  min_weight_fraction_leaf: 0.0
  min_impurity_decrease: 0.031198022345181594
  criterion: friedman_mse
  ccp_alpha: 0.0004573723139272234
  dropout_rate: 0.009720373599885843
  validation_fraction: 0.2972398101741754
  n_iter_no_change: null
  tol: 0.00028885235577397016
  random_state: 777
  warm_start: false
  verbose: 0
seed: 777
cv_n_splits: 5
cv_n_repeats: 10
preprocessing_config:
  eps: 1.0e-06
  min_speed: 0.01
  max_hours: 9999.0
