model_type: coxnet
model_params:
  l1_ratio: 0.6409118263137974
  alpha_min_ratio: 0.09759117859608771
  n_alphas: 172
  max_iter: 3665
  tol: 1.0020672956038534e-08
seed: 1024
cv_n_splits: 5
cv_n_repeats: 10
preprocessing_config:
  eps: 1.0e-06
  min_speed: 0.01
  max_hours: 9999.0
