model_type: coxnet
model_params:
  l1_ratio: 0.8035523405986367
  alpha_min_ratio: 0.06344291345703273
  n_alphas: 255
  max_iter: 9528
  tol: 2.436338915382056e-07
seed: 2023
cv_n_splits: 5
cv_n_repeats: 10
preprocessing_config:
  eps: 1.0e-06
  min_speed: 0.01
  max_hours: 9999.0
