model_type: gbsa
model_params:
  loss: coxph
  n_estimators: 261
  learning_rate: 0.04224810428660416
  subsample: 0.7990063432032624
  max_depth: 5
  max_features: 0.5
  max_leaf_nodes: 31
  min_samples_split: 19
  min_samples_leaf: 2
  min_weight_fraction_leaf: 0.0
  min_impurity_decrease: 0.0476108074090361
  criterion: friedman_mse
  ccp_alpha: 0.0057802853071112666
  dropout_rate: 0.028015571147840274
  validation_fraction: 0.25405724084084197
  n_iter_no_change: 10
  tol: 1.87953812599446e-05
  random_state: 777
  warm_start: false
  verbose: 0
seed: 777
cv_n_splits: 5
cv_n_repeats: 10
preprocessing_config:
  eps: 1.0e-06
  min_speed: 0.01
  max_hours: 9999.0
