model_type: coxnet
model_params:
  l1_ratio: 0.7174938845445326
  alpha_min_ratio: 0.0840615732114167
  n_alphas: 223
  max_iter: 18670
  tol: 4.076154791124105e-05
seed: 1024
cv_n_splits: 5
cv_n_repeats: 10
preprocessing_config:
  eps: 1.0e-06
  min_speed: 0.01
  max_hours: 9999.0
