model_type: coxnet
model_params:
  l1_ratio: 0.9873544465842503
  alpha_min_ratio: 0.020502150787327332
  n_alphas: 151
  max_iter: 566
  tol: 8.721551224618935e-06
seed: 42
cv_n_splits: 5
cv_n_repeats: 10
preprocessing_config:
  eps: 1.0e-06
  min_speed: 0.01
  max_hours: 9999.0
