model_type: gbsa
model_params:
  loss: coxph
  n_estimators: 264
  learning_rate: 0.06243297068852109
  subsample: 0.6528638352360007
  max_depth: 2
  max_features: log2
  max_leaf_nodes: 31
  min_samples_split: 12
  min_samples_leaf: 10
  min_weight_fraction_leaf: 0.0
  min_impurity_decrease: 0.0023276344481830274
  criterion: friedman_mse
  ccp_alpha: 0.022411435273728436
  dropout_rate: 0.030209252419832158
  validation_fraction: 0.13452886132823572
  n_iter_no_change: null
  tol: 2.5191513697329825e-05
  random_state: 777
  warm_start: false
  verbose: 0
seed: 777
cv_n_splits: 5
cv_n_repeats: 10
preprocessing_config:
  eps: 1.0e-06
  min_speed: 0.01
  max_hours: 9999.0
