seed: 42
cv_n_splits: 5
cv_n_repeats: 10
gbsa_config:
  loss: coxph
  n_estimators: 335
  learning_rate: 0.01709360322630515
  subsample: 0.5451448850272042
  max_depth: 6
  max_features: 0.5
  max_leaf_nodes: 31
  min_samples_split: 19
  min_samples_leaf: 3
  min_weight_fraction_leaf: 0.0
  min_impurity_decrease: 0.017053317552512926
  criterion: friedman_mse
  ccp_alpha: 6.227513084319212e-08
  dropout_rate: 0.4623468091392814
  validation_fraction: 0.27546787067619616
  n_iter_no_change: 10
  tol: 0.00038810723164094845
  random_state: 42
  warm_start: false
  verbose: 0
preprocessing_config:
  eps: 1.0e-06
  min_speed: 0.01
  max_hours: 9999.0
