model_type: coxnet
model_params:
  l1_ratio: 0.9750102276420972
  alpha_min_ratio: 0.09037213034817995
  n_alphas: 295
  max_iter: 14372
  tol: 3.845570924429994e-06
seed: 42
cv_n_splits: 5
cv_n_repeats: 10
preprocessing_config:
  eps: 1.0e-06
  min_speed: 0.01
  max_hours: 9999.0
