model_type: coxnet
model_params:
  l1_ratio: 0.9498943982667618
  alpha_min_ratio: 0.025129999895928963
  n_alphas: 248
  max_iter: 14456
  tol: 2.3563698617335024e-06
seed: 42
cv_n_splits: 5
cv_n_repeats: 10
preprocessing_config:
  eps: 1.0e-06
  min_speed: 0.01
  max_hours: 9999.0
