model_type: coxnet
model_params:
  l1_ratio: 0.9233223769699139
  alpha_min_ratio: 0.01810117489750013
  n_alphas: 176
  max_iter: 10275
  tol: 2.1125016189912644e-07
seed: 777
cv_n_splits: 5
cv_n_repeats: 10
preprocessing_config:
  eps: 1.0e-06
  min_speed: 0.01
  max_hours: 9999.0
