model_type: coxnet
model_params:
  l1_ratio: 0.017391474201343238
  alpha_min_ratio: 0.0012727135546699705
  n_alphas: 254
  max_iter: 853
  tol: 1.6739527345120445e-07
seed: 42
cv_n_splits: 5
cv_n_repeats: 10
preprocessing_config:
  eps: 1.0e-06
  min_speed: 0.01
  max_hours: 9999.0
