model_type: gbsa
model_params:
  loss: coxph
  n_estimators: 210
  learning_rate: 0.18361685639364808
  subsample: 0.8941655185064966
  max_depth: 5
  max_features: 0.3
  max_leaf_nodes: 63
  min_samples_split: 17
  min_samples_leaf: 4
  min_weight_fraction_leaf: 0.0
  min_impurity_decrease: 0.019048188564138386
  criterion: friedman_mse
  ccp_alpha: 5.413487837430775e-07
  dropout_rate: 0.0525194610620397
  validation_fraction: 0.29210003082061736
  n_iter_no_change: null
  tol: 0.0016134993778346987
  random_state: 1024
  warm_start: false
  verbose: 0
seed: 1024
cv_n_splits: 5
cv_n_repeats: 10
preprocessing_config:
  eps: 1.0e-06
  min_speed: 0.01
  max_hours: 9999.0
