model_type: coxnet
model_params:
  l1_ratio: 0.9913333404873805
  alpha_min_ratio: 0.09800411178854572
  n_alphas: 86
  max_iter: 12086
  tol: 2.4311551781574197e-06
seed: 777
cv_n_splits: 5
cv_n_repeats: 10
preprocessing_config:
  eps: 1.0e-06
  min_speed: 0.01
  max_hours: 9999.0
