model_type: coxnet
model_params:
  l1_ratio: 0.9715897809463333
  alpha_min_ratio: 0.01582218629213268
  n_alphas: 231
  max_iter: 3731
  tol: 3.54383587108262e-08
seed: 777
cv_n_splits: 5
cv_n_repeats: 10
preprocessing_config:
  eps: 1.0e-06
  min_speed: 0.01
  max_hours: 9999.0
