model_type: gbsa
model_params:
  loss: coxph
  n_estimators: 354
  learning_rate: 0.09350648571792516
  subsample: 0.8810069353968089
  max_depth: 1
  max_features: 0.3
  max_leaf_nodes: null
  min_samples_split: 8
  min_samples_leaf: 6
  min_weight_fraction_leaf: 0.0
  min_impurity_decrease: 0.03788705553645765
  criterion: friedman_mse
  ccp_alpha: 1.6575107428818313e-05
  dropout_rate: 0.09601624721571093
  validation_fraction: 0.23011053403460294
  n_iter_no_change: null
  tol: 0.0003358264354307634
  random_state: 1024
  warm_start: false
  verbose: 0
seed: 1024
cv_n_splits: 5
cv_n_repeats: 10
preprocessing_config:
  eps: 1.0e-06
  min_speed: 0.01
  max_hours: 9999.0
