model_type: gbsa
model_params:
  loss: coxph
  n_estimators: 335
  learning_rate: 0.06484690098874778
  subsample: 0.6327415282307131
  max_depth: 5
  max_features: null
  max_leaf_nodes: 8
  min_samples_split: 19
  min_samples_leaf: 7
  min_weight_fraction_leaf: 0.0
  min_impurity_decrease: 0.037096248647415855
  criterion: friedman_mse
  ccp_alpha: 1.0090970085437503e-05
  dropout_rate: 0.11963115515418109
  validation_fraction: 0.1732182303405335
  n_iter_no_change: 5
  tol: 1.6070186846561068e-05
  random_state: 777
  warm_start: false
  verbose: 0
seed: 777
cv_n_splits: 5
cv_n_repeats: 10
preprocessing_config:
  eps: 1.0e-06
  min_speed: 0.01
  max_hours: 9999.0
