model_type: coxnet
model_params:
  l1_ratio: 0.6844586435068789
  alpha_min_ratio: 0.05159210698719211
  n_alphas: 131
  max_iter: 19390
  tol: 3.5743947135614145e-07
seed: 777
cv_n_splits: 5
cv_n_repeats: 10
preprocessing_config:
  eps: 1.0e-06
  min_speed: 0.01
  max_hours: 9999.0
