model_type: gbsa
model_params:
  loss: coxph
  n_estimators: 134
  learning_rate: 0.011038126955902106
  subsample: 0.5024893164845353
  max_depth: 6
  max_features: 0.3
  max_leaf_nodes: 8
  min_samples_split: 16
  min_samples_leaf: 15
  min_weight_fraction_leaf: 0.0
  min_impurity_decrease: 0.04850078238612359
  criterion: friedman_mse
  ccp_alpha: 0.022639742997360546
  dropout_rate: 0.12376392893565671
  validation_fraction: 0.2577894188785139
  n_iter_no_change: null
  tol: 1.2553565765708762e-05
  random_state: 777
  warm_start: false
  verbose: 0
seed: 777
cv_n_splits: 5
cv_n_repeats: 10
preprocessing_config:
  eps: 1.0e-06
  min_speed: 0.01
  max_hours: 9999.0
