model_type: coxnet
model_params:
  l1_ratio: 0.8616806545152054
  alpha_min_ratio: 0.09190332108594694
  n_alphas: 270
  max_iter: 19340
  tol: 4.0929060814376893e-07
seed: 2023
cv_n_splits: 5
cv_n_repeats: 10
preprocessing_config:
  eps: 1.0e-06
  min_speed: 0.01
  max_hours: 9999.0
