model_type: coxnet
model_params:
  l1_ratio: 0.8641517652547657
  alpha_min_ratio: 0.07102262780482466
  n_alphas: 256
  max_iter: 19736
  tol: 3.3499431615091445e-05
seed: 2023
cv_n_splits: 5
cv_n_repeats: 10
preprocessing_config:
  eps: 1.0e-06
  min_speed: 0.01
  max_hours: 9999.0
