model_type: gbsa
model_params:
  loss: coxph
  n_estimators: 369
  learning_rate: 0.087385365479488
  subsample: 0.5623362028054888
  max_depth: 5
  max_features: 0.7
  max_leaf_nodes: null
  min_samples_split: 17
  min_samples_leaf: 16
  min_weight_fraction_leaf: 0.0
  min_impurity_decrease: 0.04516455945854273
  criterion: friedman_mse
  ccp_alpha: 1.8249395945153847e-07
  dropout_rate: 0.14556956887856548
  validation_fraction: 0.28154256540034517
  n_iter_no_change: 20
  tol: 0.0038288282288822537
  random_state: 1024
  warm_start: false
  verbose: 0
seed: 1024
cv_n_splits: 5
cv_n_repeats: 10
preprocessing_config:
  eps: 1.0e-06
  min_speed: 0.01
  max_hours: 9999.0
