seed: 42
cv_n_splits: 5
cv_n_repeats: 10
gbsa_config:
  loss: coxph
  n_estimators: 331
  learning_rate: 0.005773062784917182
  subsample: 0.5317791751430119
  max_depth: 2
  max_features: 0.3
  max_leaf_nodes: 16
  min_samples_split: 10
  min_samples_leaf: 1
  min_weight_fraction_leaf: 0.0
  min_impurity_decrease: 0.005394571349665223
  criterion: friedman_mse
  ccp_alpha: 1.6596033385442272e-08
  dropout_rate: 0.3182052056318902
  validation_fraction: 0.16287119621526533
  n_iter_no_change: 5
  tol: 0.0018477934173519257
  random_state: 42
  warm_start: false
  verbose: 0
preprocessing_config:
  eps: 1.0e-06
  min_speed: 0.01
  max_hours: 9999.0
