model_type: gbsa
model_params:
  loss: coxph
  n_estimators: 117
  learning_rate: 0.15523924150343874
  subsample: 0.8025659821829982
  max_depth: 5
  max_features: 0.3
  max_leaf_nodes: 63
  min_samples_split: 16
  min_samples_leaf: 9
  min_weight_fraction_leaf: 0.0
  min_impurity_decrease: 0.022962278946973457
  criterion: friedman_mse
  ccp_alpha: 9.389831817787935e-05
  dropout_rate: 0.03771665062916111
  validation_fraction: 0.2961479880103056
  n_iter_no_change: null
  tol: 0.00018713313641184295
  random_state: 1024
  warm_start: false
  verbose: 0
seed: 1024
cv_n_splits: 5
cv_n_repeats: 10
preprocessing_config:
  eps: 1.0e-06
  min_speed: 0.01
  max_hours: 9999.0
