model_type: coxnet
model_params:
  l1_ratio: 0.4914603259926309
  alpha_min_ratio: 0.03333629505820502
  n_alphas: 56
  max_iter: 1800
  tol: 1.2660612322438322e-07
seed: 42
cv_n_splits: 5
cv_n_repeats: 10
preprocessing_config:
  eps: 1.0e-06
  min_speed: 0.01
  max_hours: 9999.0
