model_type: coxnet
model_params:
  l1_ratio: 0.8555259687315826
  alpha_min_ratio: 0.0006137083477651097
  n_alphas: 295
  max_iter: 16735
  tol: 1.5486095874815556e-08
seed: 42
cv_n_splits: 5
cv_n_repeats: 10
preprocessing_config:
  eps: 1.0e-06
  min_speed: 0.01
  max_hours: 9999.0
