seed: 42
cv_n_splits: 5
cv_n_repeats: 10
gbsa_config:
  loss: coxph
  n_estimators: 400
  learning_rate: 0.04227205989150621
  subsample: 0.8929746789284654
  max_depth: 5
  max_features: sqrt
  max_leaf_nodes: 31
  min_samples_split: 2
  min_samples_leaf: 12
  min_weight_fraction_leaf: 0.0
  min_impurity_decrease: 0.03838270111924994
  criterion: friedman_mse
  ccp_alpha: 8.899917891335576e-05
  dropout_rate: 0.06450168929864303
  validation_fraction: 0.22400143556556423
  n_iter_no_change: 5
  tol: 0.00011312506981396036
  random_state: 42
  warm_start: false
  verbose: 0
preprocessing_config:
  eps: 1.0e-06
  min_speed: 0.01
  max_hours: 9999.0
