model_type: coxnet
model_params:
  l1_ratio: 0.9082705192031979
  alpha_min_ratio: 0.04947330176868376
  n_alphas: 242
  max_iter: 15958
  tol: 4.094998930590532e-07
seed: 2023
cv_n_splits: 5
cv_n_repeats: 10
preprocessing_config:
  eps: 1.0e-06
  min_speed: 0.01
  max_hours: 9999.0
