model_type: coxnet
model_params:
  l1_ratio: 0.9955051312902431
  alpha_min_ratio: 0.0595709448265719
  n_alphas: 211
  max_iter: 17417
  tol: 8.521805373619164e-06
seed: 1024
cv_n_splits: 5
cv_n_repeats: 10
preprocessing_config:
  eps: 1.0e-06
  min_speed: 0.01
  max_hours: 9999.0
