model_type: coxnet
model_params:
  l1_ratio: 0.9877531048553788
  alpha_min_ratio: 0.061136424682332116
  n_alphas: 239
  max_iter: 12918
  tol: 9.221628404577878e-08
seed: 2023
cv_n_splits: 5
cv_n_repeats: 10
preprocessing_config:
  eps: 1.0e-06
  min_speed: 0.01
  max_hours: 9999.0
