model_type: coxnet
model_params:
  l1_ratio: 0.8243211664295496
  alpha_min_ratio: 0.08439641955001165
  n_alphas: 206
  max_iter: 18193
  tol: 5.603246379893146e-06
seed: 42
cv_n_splits: 5
cv_n_repeats: 10
preprocessing_config:
  eps: 1.0e-06
  min_speed: 0.01
  max_hours: 9999.0
