model_type: coxnet
model_params:
  l1_ratio: 0.989945189834282
  alpha_min_ratio: 0.09969383879759015
  n_alphas: 282
  max_iter: 18994
  tol: 4.453561633813425e-05
seed: 42
cv_n_splits: 5
cv_n_repeats: 10
preprocessing_config:
  eps: 1.0e-06
  min_speed: 0.01
  max_hours: 9999.0
