model_type: gbsa
model_params:
  loss: coxph
  n_estimators: 344
  learning_rate: 0.1033619203433906
  subsample: 0.5422932827111181
  max_depth: 2
  max_features: 1.0
  max_leaf_nodes: 31
  min_samples_split: 14
  min_samples_leaf: 18
  min_weight_fraction_leaf: 0.0
  min_impurity_decrease: 0.0020552449876699522
  criterion: friedman_mse
  ccp_alpha: 7.397369855961529e-06
  dropout_rate: 0.02210220973752188
  validation_fraction: 0.21065888955252796
  n_iter_no_change: 20
  tol: 0.00016659192875758408
  random_state: 2023
  warm_start: false
  verbose: 0
seed: 2023
cv_n_splits: 5
cv_n_repeats: 10
preprocessing_config:
  eps: 1.0e-06
  min_speed: 0.01
  max_hours: 9999.0
