model_type: coxnet
model_params:
  l1_ratio: 0.9069982829628808
  alpha_min_ratio: 0.09392142312855174
  n_alphas: 151
  max_iter: 13821
  tol: 8.483969486696039e-07
seed: 777
cv_n_splits: 5
cv_n_repeats: 10
preprocessing_config:
  eps: 1.0e-06
  min_speed: 0.01
  max_hours: 9999.0
