model_type: coxnet
model_params:
  l1_ratio: 0.7769302722466956
  alpha_min_ratio: 0.0013493931635474628
  n_alphas: 198
  max_iter: 1874
  tol: 1.1285666089604207e-05
seed: 42
cv_n_splits: 5
cv_n_repeats: 10
preprocessing_config:
  eps: 1.0e-06
  min_speed: 0.01
  max_hours: 9999.0
