model_type: coxnet
model_params:
  l1_ratio: 0.998633194183136
  alpha_min_ratio: 0.05393064395060667
  n_alphas: 299
  max_iter: 17810
  tol: 3.272400769935471e-05
seed: 42
cv_n_splits: 5
cv_n_repeats: 10
preprocessing_config:
  eps: 1.0e-06
  min_speed: 0.01
  max_hours: 9999.0
