model_type: gbsa
model_params:
  loss: coxph
  n_estimators: 273
  learning_rate: 0.09682972519088885
  subsample: 0.6649999431063138
  max_depth: 4
  max_features: 0.5
  max_leaf_nodes: 8
  min_samples_split: 19
  min_samples_leaf: 4
  min_weight_fraction_leaf: 0.0
  min_impurity_decrease: 0.04244682127233558
  criterion: friedman_mse
  ccp_alpha: 0.00011552729883885359
  dropout_rate: 0.012624121603593635
  validation_fraction: 0.18656105958513924
  n_iter_no_change: null
  tol: 1.524831035617679e-05
  random_state: 777
  warm_start: false
  verbose: 0
seed: 777
cv_n_splits: 5
cv_n_repeats: 10
preprocessing_config:
  eps: 1.0e-06
  min_speed: 0.01
  max_hours: 9999.0
