model_type: coxnet
model_params:
  l1_ratio: 0.8752444697075908
  alpha_min_ratio: 0.08378915770365679
  n_alphas: 290
  max_iter: 19698
  tol: 5.325239513113198e-06
seed: 2023
cv_n_splits: 5
cv_n_repeats: 10
preprocessing_config:
  eps: 1.0e-06
  min_speed: 0.01
  max_hours: 9999.0
