model_type: gbsa
model_params:
  loss: coxph
  n_estimators: 399
  learning_rate: 0.13674633000185443
  subsample: 0.6893410237917386
  max_depth: 3
  max_features: log2
  max_leaf_nodes: null
  min_samples_split: 10
  min_samples_leaf: 19
  min_weight_fraction_leaf: 0.0
  min_impurity_decrease: 0.01381361864344119
  criterion: friedman_mse
  ccp_alpha: 2.287739135450647e-07
  dropout_rate: 0.04554270079639131
  validation_fraction: 0.22304315037030606
  n_iter_no_change: null
  tol: 0.00018985656921530523
  random_state: 2023
  warm_start: false
  verbose: 0
seed: 2023
cv_n_splits: 5
cv_n_repeats: 10
preprocessing_config:
  eps: 1.0e-06
  min_speed: 0.01
  max_hours: 9999.0
