model_type: gbsa
model_params:
  loss: coxph
  n_estimators: 170
  learning_rate: 0.15886927366681458
  subsample: 0.6780454657366383
  max_depth: 4
  max_features: 0.3
  max_leaf_nodes: 16
  min_samples_split: 11
  min_samples_leaf: 2
  min_weight_fraction_leaf: 0.0
  min_impurity_decrease: 0.04433157186760397
  criterion: friedman_mse
  ccp_alpha: 2.761661607064936e-06
  dropout_rate: 0.0696260463242977
  validation_fraction: 0.10755818403938412
  n_iter_no_change: null
  tol: 0.0003359221364452063
  random_state: 1024
  warm_start: false
  verbose: 0
seed: 1024
cv_n_splits: 5
cv_n_repeats: 10
preprocessing_config:
  eps: 1.0e-06
  min_speed: 0.01
  max_hours: 9999.0
