model_type: coxnet
model_params:
  l1_ratio: 0.774681357713942
  alpha_min_ratio: 0.0005920505873699811
  n_alphas: 63
  max_iter: 17430
  tol: 1.0661346681812166e-07
seed: 1024
cv_n_splits: 5
cv_n_repeats: 10
preprocessing_config:
  eps: 1.0e-06
  min_speed: 0.01
  max_hours: 9999.0
