model_type: gbsa
model_params:
  loss: coxph
  n_estimators: 337
  learning_rate: 0.1583385439624793
  subsample: 0.6738182101933977
  max_depth: 2
  max_features: sqrt
  max_leaf_nodes: null
  min_samples_split: 15
  min_samples_leaf: 5
  min_weight_fraction_leaf: 0.0
  min_impurity_decrease: 0.008500271675244971
  criterion: friedman_mse
  ccp_alpha: 0.0011811519096878798
  dropout_rate: 0.10685352608490417
  validation_fraction: 0.28930313551497666
  n_iter_no_change: null
  tol: 0.0006752807396232947
  random_state: 1024
  warm_start: false
  verbose: 0
seed: 1024
cv_n_splits: 5
cv_n_repeats: 10
preprocessing_config:
  eps: 1.0e-06
  min_speed: 0.01
  max_hours: 9999.0
