model_type: coxnet
model_params:
  l1_ratio: 0.9068560745010921
  alpha_min_ratio: 0.09701484224404207
  n_alphas: 254
  max_iter: 14086
  tol: 7.652126818063614e-06
seed: 1024
cv_n_splits: 5
cv_n_repeats: 10
preprocessing_config:
  eps: 1.0e-06
  min_speed: 0.01
  max_hours: 9999.0
