model_type: gbsa
model_params:
  loss: coxph
  n_estimators: 459
  learning_rate: 0.10493066748324538
  subsample: 0.5542408996328442
  max_depth: 1
  max_features: 0.5
  max_leaf_nodes: 63
  min_samples_split: 14
  min_samples_leaf: 17
  min_weight_fraction_leaf: 0.0
  min_impurity_decrease: 0.00436987780143093
  criterion: friedman_mse
  ccp_alpha: 1.3764065414471794e-08
  dropout_rate: 0.10021657076424981
  validation_fraction: 0.28093504295135413
  n_iter_no_change: null
  tol: 0.0002845980357045891
  random_state: 2023
  warm_start: false
  verbose: 0
seed: 2023
cv_n_splits: 5
cv_n_repeats: 10
preprocessing_config:
  eps: 1.0e-06
  min_speed: 0.01
  max_hours: 9999.0
