model_type: coxnet
model_params:
  l1_ratio: 0.2066373711978292
  alpha_min_ratio: 0.0007440532312296027
  n_alphas: 84
  max_iter: 3864
  tol: 2.9018296989158593e-05
seed: 2023
cv_n_splits: 5
cv_n_repeats: 10
preprocessing_config:
  eps: 1.0e-06
  min_speed: 0.01
  max_hours: 9999.0
