model_type: coxnet
model_params:
  l1_ratio: 0.9996844351723294
  alpha_min_ratio: 0.051239447891557335
  n_alphas: 94
  max_iter: 18310
  tol: 4.287370590635425e-06
seed: 777
cv_n_splits: 5
cv_n_repeats: 10
preprocessing_config:
  eps: 1.0e-06
  min_speed: 0.01
  max_hours: 9999.0
