model_type: coxnet
model_params:
  l1_ratio: 0.9559051902815168
  alpha_min_ratio: 0.08691571198178309
  n_alphas: 228
  max_iter: 7007
  tol: 6.96519256796841e-08
seed: 2023
cv_n_splits: 5
cv_n_repeats: 10
preprocessing_config:
  eps: 1.0e-06
  min_speed: 0.01
  max_hours: 9999.0
