model_type: coxnet
model_params:
  l1_ratio: 0.9605661168893397
  alpha_min_ratio: 0.07437753056033826
  n_alphas: 237
  max_iter: 19989
  tol: 6.0720768788532273e-05
seed: 1024
cv_n_splits: 5
cv_n_repeats: 10
preprocessing_config:
  eps: 1.0e-06
  min_speed: 0.01
  max_hours: 9999.0
