model_type: coxnet
model_params:
  l1_ratio: 0.9909523663412898
  alpha_min_ratio: 0.05120933705518133
  n_alphas: 252
  max_iter: 11154
  tol: 7.265536029882081e-06
seed: 1024
cv_n_splits: 5
cv_n_repeats: 10
preprocessing_config:
  eps: 1.0e-06
  min_speed: 0.01
  max_hours: 9999.0
