model_type: coxnet
model_params:
  l1_ratio: 0.9191373807467572
  alpha_min_ratio: 0.09111117609751601
  n_alphas: 276
  max_iter: 1471
  tol: 3.560545652278417e-05
seed: 42
cv_n_splits: 5
cv_n_repeats: 10
preprocessing_config:
  eps: 1.0e-06
  min_speed: 0.01
  max_hours: 9999.0
