model_type: coxnet
model_params:
  l1_ratio: 0.9281308120865673
  alpha_min_ratio: 0.023686403988668225
  n_alphas: 286
  max_iter: 494
  tol: 9.640850901506014e-05
seed: 42
cv_n_splits: 5
cv_n_repeats: 10
preprocessing_config:
  eps: 1.0e-06
  min_speed: 0.01
  max_hours: 9999.0
