model_type: coxnet
model_params:
  l1_ratio: 0.7216383643163724
  alpha_min_ratio: 0.05224793638835194
  n_alphas: 241
  max_iter: 1466
  tol: 1.5206870005814243e-06
seed: 42
cv_n_splits: 5
cv_n_repeats: 10
preprocessing_config:
  eps: 1.0e-06
  min_speed: 0.01
  max_hours: 9999.0
