model_type: coxnet
model_params:
  l1_ratio: 0.9974266045496165
  alpha_min_ratio: 0.05084849640163436
  n_alphas: 221
  max_iter: 19882
  tol: 9.098022916137624e-06
seed: 42
cv_n_splits: 5
cv_n_repeats: 10
preprocessing_config:
  eps: 1.0e-06
  min_speed: 0.01
  max_hours: 9999.0
