model_type: gbsa
model_params:
  loss: coxph
  n_estimators: 335
  learning_rate: 0.03494633847398648
  subsample: 0.9348453001470582
  max_depth: 3
  max_features: 0.3
  max_leaf_nodes: 63
  min_samples_split: 20
  min_samples_leaf: 12
  min_weight_fraction_leaf: 0.0
  min_impurity_decrease: 0.00777323105402246
  criterion: friedman_mse
  ccp_alpha: 0.015821734125823682
  dropout_rate: 0.0717245222583563
  validation_fraction: 0.25914754763018044
  n_iter_no_change: 20
  tol: 0.0068174639623041254
  random_state: 1024
  warm_start: false
  verbose: 0
seed: 1024
cv_n_splits: 5
cv_n_repeats: 10
preprocessing_config:
  eps: 1.0e-06
  min_speed: 0.01
  max_hours: 9999.0
