model_type: gbsa
model_params:
  loss: coxph
  n_estimators: 336
  learning_rate: 0.07575493933574931
  subsample: 0.5439225193750844
  max_depth: 6
  max_features: null
  max_leaf_nodes: 16
  min_samples_split: 14
  min_samples_leaf: 13
  min_weight_fraction_leaf: 0.0
  min_impurity_decrease: 0.03556689232745501
  criterion: friedman_mse
  ccp_alpha: 8.175833173370771e-08
  dropout_rate: 0.0694792456682666
  validation_fraction: 0.2672266801422778
  n_iter_no_change: null
  tol: 0.00028886790127797884
  random_state: 2023
  warm_start: false
  verbose: 0
seed: 2023
cv_n_splits: 5
cv_n_repeats: 10
preprocessing_config:
  eps: 1.0e-06
  min_speed: 0.01
  max_hours: 9999.0
