model_type: coxnet
model_params:
  l1_ratio: 0.7588435459171166
  alpha_min_ratio: 0.07870515285281397
  n_alphas: 93
  max_iter: 17617
  tol: 1.9669571011410088e-07
seed: 2023
cv_n_splits: 5
cv_n_repeats: 10
preprocessing_config:
  eps: 1.0e-06
  min_speed: 0.01
  max_hours: 9999.0
