model_type: coxnet
model_params:
  l1_ratio: 0.9243548839506057
  alpha_min_ratio: 0.03686665336580817
  n_alphas: 205
  max_iter: 588
  tol: 3.0412989287183324e-05
seed: 42
cv_n_splits: 5
cv_n_repeats: 10
preprocessing_config:
  eps: 1.0e-06
  min_speed: 0.01
  max_hours: 9999.0
