model_type: gbsa
model_params:
  loss: coxph
  n_estimators: 196
  learning_rate: 0.052203439092457476
  subsample: 0.8248164495236073
  max_depth: 6
  max_features: 1.0
  max_leaf_nodes: 8
  min_samples_split: 12
  min_samples_leaf: 10
  min_weight_fraction_leaf: 0.0
  min_impurity_decrease: 0.009762149389902226
  criterion: friedman_mse
  ccp_alpha: 0.0011406825736593963
  dropout_rate: 0.1403861812204279
  validation_fraction: 0.10486319328629078
  n_iter_no_change: 20
  tol: 0.005553837526912238
  random_state: 42
  warm_start: false
  verbose: 0
seed: 42
cv_n_splits: 5
cv_n_repeats: 10
preprocessing_config:
  eps: 1.0e-06
  min_speed: 0.01
  max_hours: 9999.0
