model_type: gbsa
model_params:
  loss: coxph
  n_estimators: 241
  learning_rate: 0.12781673885375663
  subsample: 0.6627651215065696
  max_depth: 4
  max_features: 0.3
  max_leaf_nodes: 63
  min_samples_split: 20
  min_samples_leaf: 5
  min_weight_fraction_leaf: 0.0
  min_impurity_decrease: 0.003582840671981313
  criterion: friedman_mse
  ccp_alpha: 0.09284499492509668
  dropout_rate: 0.033374552460754436
  validation_fraction: 0.29445963656169605
  n_iter_no_change: null
  tol: 0.0078103908714460745
  random_state: 1024
  warm_start: false
  verbose: 0
seed: 1024
cv_n_splits: 5
cv_n_repeats: 10
preprocessing_config:
  eps: 1.0e-06
  min_speed: 0.01
  max_hours: 9999.0
