model_type: coxnet
model_params:
  l1_ratio: 0.9859220179401086
  alpha_min_ratio: 0.07270286477907624
  n_alphas: 241
  max_iter: 18051
  tol: 7.881011431273144e-06
seed: 42
cv_n_splits: 5
cv_n_repeats: 10
preprocessing_config:
  eps: 1.0e-06
  min_speed: 0.01
  max_hours: 9999.0
