model_type: coxnet
model_params:
  l1_ratio: 0.9268286595940245
  alpha_min_ratio: 0.05862284871021926
  n_alphas: 69
  max_iter: 11100
  tol: 7.945401895159421e-06
seed: 2023
cv_n_splits: 5
cv_n_repeats: 10
preprocessing_config:
  eps: 1.0e-06
  min_speed: 0.01
  max_hours: 9999.0
