model_type: coxnet
model_params:
  l1_ratio: 0.9874394395884453
  alpha_min_ratio: 0.057180708593663865
  n_alphas: 86
  max_iter: 15429
  tol: 1.2123550656315874e-07
seed: 777
cv_n_splits: 5
cv_n_repeats: 10
preprocessing_config:
  eps: 1.0e-06
  min_speed: 0.01
  max_hours: 9999.0
