model_type: coxnet
model_params:
  l1_ratio: 0.8841803871864394
  alpha_min_ratio: 0.015669222093821676
  n_alphas: 109
  max_iter: 18983
  tol: 4.014764121605745e-07
seed: 777
cv_n_splits: 5
cv_n_repeats: 10
preprocessing_config:
  eps: 1.0e-06
  min_speed: 0.01
  max_hours: 9999.0
