model_type: gbsa
model_params:
  loss: coxph
  n_estimators: 393
  learning_rate: 0.12815195234969712
  subsample: 0.5134327479717748
  max_depth: 2
  max_features: null
  max_leaf_nodes: 8
  min_samples_split: 8
  min_samples_leaf: 6
  min_weight_fraction_leaf: 0.0
  min_impurity_decrease: 0.02877717164679439
  criterion: friedman_mse
  ccp_alpha: 4.241394122839049e-05
  dropout_rate: 0.08396843891347675
  validation_fraction: 0.25978809064719455
  n_iter_no_change: 20
  tol: 0.0002051973929387991
  random_state: 777
  warm_start: false
  verbose: 0
seed: 777
cv_n_splits: 5
cv_n_repeats: 10
preprocessing_config:
  eps: 1.0e-06
  min_speed: 0.01
  max_hours: 9999.0
