model_type: gbsa
model_params:
  loss: coxph
  n_estimators: 236
  learning_rate: 0.17948116573395215
  subsample: 0.6746157599191573
  max_depth: 4
  max_features: 0.3
  max_leaf_nodes: 63
  min_samples_split: 10
  min_samples_leaf: 1
  min_weight_fraction_leaf: 0.0
  min_impurity_decrease: 0.01437051169662401
  criterion: friedman_mse
  ccp_alpha: 0.010252284875127242
  dropout_rate: 0.08720749322137374
  validation_fraction: 0.29253478621026885
  n_iter_no_change: 10
  tol: 0.002823135798242102
  random_state: 1024
  warm_start: false
  verbose: 0
seed: 1024
cv_n_splits: 5
cv_n_repeats: 10
preprocessing_config:
  eps: 1.0e-06
  min_speed: 0.01
  max_hours: 9999.0
