model_type: coxnet
model_params:
  l1_ratio: 0.899077240430685
  alpha_min_ratio: 0.08644478501850812
  n_alphas: 147
  max_iter: 19107
  tol: 4.354362175904294e-05
seed: 1024
cv_n_splits: 5
cv_n_repeats: 10
preprocessing_config:
  eps: 1.0e-06
  min_speed: 0.01
  max_hours: 9999.0
