model_type: coxnet
model_params:
  l1_ratio: 0.7699141048787412
  alpha_min_ratio: 0.05417829825527852
  n_alphas: 92
  max_iter: 10522
  tol: 1.8246058934723652e-07
seed: 42
cv_n_splits: 5
cv_n_repeats: 10
preprocessing_config:
  eps: 1.0e-06
  min_speed: 0.01
  max_hours: 9999.0
