model_type: coxnet
model_params:
  l1_ratio: 0.9866170126835534
  alpha_min_ratio: 0.07786001368673877
  n_alphas: 114
  max_iter: 16432
  tol: 5.559096216076543e-05
seed: 2023
cv_n_splits: 5
cv_n_repeats: 10
preprocessing_config:
  eps: 1.0e-06
  min_speed: 0.01
  max_hours: 9999.0
