model_type: gbsa
model_params:
  loss: coxph
  n_estimators: 489
  learning_rate: 0.07157150835780933
  subsample: 0.9679616720457824
  max_depth: 1
  max_features: 0.3
  max_leaf_nodes: 63
  min_samples_split: 17
  min_samples_leaf: 1
  min_weight_fraction_leaf: 0.0
  min_impurity_decrease: 0.034004807020259514
  criterion: friedman_mse
  ccp_alpha: 5.081596090376027e-05
  dropout_rate: 0.028287777460558515
  validation_fraction: 0.2031224753838692
  n_iter_no_change: 10
  tol: 0.0018008908638770169
  random_state: 1024
  warm_start: false
  verbose: 0
seed: 1024
cv_n_splits: 5
cv_n_repeats: 10
preprocessing_config:
  eps: 1.0e-06
  min_speed: 0.01
  max_hours: 9999.0
