model_type: coxnet
model_params:
  l1_ratio: 0.9961354403607089
  alpha_min_ratio: 0.08411776793974793
  n_alphas: 58
  max_iter: 14695
  tol: 3.941527206034066e-08
seed: 1024
cv_n_splits: 5
cv_n_repeats: 10
preprocessing_config:
  eps: 1.0e-06
  min_speed: 0.01
  max_hours: 9999.0
