model_type: coxnet
model_params:
  l1_ratio: 0.9965455702300148
  alpha_min_ratio: 0.06155120829874404
  n_alphas: 111
  max_iter: 18223
  tol: 2.9669567550666057e-06
seed: 777
cv_n_splits: 5
cv_n_repeats: 10
preprocessing_config:
  eps: 1.0e-06
  min_speed: 0.01
  max_hours: 9999.0
