model_type: gbsa
model_params:
  loss: coxph
  n_estimators: 187
  learning_rate: 0.09198513552917681
  subsample: 0.5162019991737004
  max_depth: 1
  max_features: log2
  max_leaf_nodes: 8
  min_samples_split: 15
  min_samples_leaf: 11
  min_weight_fraction_leaf: 0.0
  min_impurity_decrease: 0.021182673010768913
  criterion: friedman_mse
  ccp_alpha: 0.015994523634228593
  dropout_rate: 0.05241791632520879
  validation_fraction: 0.23130553211821764
  n_iter_no_change: null
  tol: 2.4502186693570468e-05
  random_state: 777
  warm_start: false
  verbose: 0
seed: 777
cv_n_splits: 5
cv_n_repeats: 10
preprocessing_config:
  eps: 1.0e-06
  min_speed: 0.01
  max_hours: 9999.0
