model_type: coxnet
model_params:
  l1_ratio: 0.9631682508451692
  alpha_min_ratio: 0.050555028293077287
  n_alphas: 245
  max_iter: 17252
  tol: 3.649001844974601e-05
seed: 42
cv_n_splits: 5
cv_n_repeats: 10
preprocessing_config:
  eps: 1.0e-06
  min_speed: 0.01
  max_hours: 9999.0
