model_type: coxnet
model_params:
  l1_ratio: 0.9882224545581377
  alpha_min_ratio: 0.042643678444253846
  n_alphas: 132
  max_iter: 18372
  tol: 2.890176931378788e-07
seed: 2023
cv_n_splits: 5
cv_n_repeats: 10
preprocessing_config:
  eps: 1.0e-06
  min_speed: 0.01
  max_hours: 9999.0
