model_type: coxnet
model_params:
  l1_ratio: 0.7284368623110533
  alpha_min_ratio: 0.07173133689869682
  n_alphas: 69
  max_iter: 8044
  tol: 1.9048551317322835e-08
seed: 777
cv_n_splits: 5
cv_n_repeats: 10
preprocessing_config:
  eps: 1.0e-06
  min_speed: 0.01
  max_hours: 9999.0
