model_type: gbsa
model_params:
  loss: coxph
  n_estimators: 204
  learning_rate: 0.14520560904877458
  subsample: 0.6376507761185876
  max_depth: 2
  max_features: 0.3
  max_leaf_nodes: 63
  min_samples_split: 19
  min_samples_leaf: 5
  min_weight_fraction_leaf: 0.0
  min_impurity_decrease: 0.018097683973756145
  criterion: friedman_mse
  ccp_alpha: 0.0002410891236136217
  dropout_rate: 0.020304894428460073
  validation_fraction: 0.24328404836787595
  n_iter_no_change: 20
  tol: 0.0019424416458620275
  random_state: 1024
  warm_start: false
  verbose: 0
seed: 1024
cv_n_splits: 5
cv_n_repeats: 10
preprocessing_config:
  eps: 1.0e-06
  min_speed: 0.01
  max_hours: 9999.0
