model_type: gbsa
model_params:
  loss: coxph
  n_estimators: 498
  learning_rate: 0.0290754954744757
  subsample: 0.606456373825913
  max_depth: 2
  max_features: 0.5
  max_leaf_nodes: null
  min_samples_split: 8
  min_samples_leaf: 17
  min_weight_fraction_leaf: 0.0
  min_impurity_decrease: 0.010867493293063286
  criterion: friedman_mse
  ccp_alpha: 0.0007519183608084972
  dropout_rate: 0.1082758816947421
  validation_fraction: 0.23136676769636028
  n_iter_no_change: null
  tol: 0.0001853209448849905
  random_state: 2023
  warm_start: false
  verbose: 0
seed: 2023
cv_n_splits: 5
cv_n_repeats: 10
preprocessing_config:
  eps: 1.0e-06
  min_speed: 0.01
  max_hours: 9999.0
