model_type: coxnet
model_params:
  l1_ratio: 0.826310859910661
  alpha_min_ratio: 0.00025049059607354157
  n_alphas: 205
  max_iter: 11629
  tol: 8.175296583402337e-07
seed: 2023
cv_n_splits: 5
cv_n_repeats: 10
preprocessing_config:
  eps: 1.0e-06
  min_speed: 0.01
  max_hours: 9999.0
