model_type: coxnet
model_params:
  l1_ratio: 0.9725225515207203
  alpha_min_ratio: 0.03295105338033713
  n_alphas: 225
  max_iter: 10757
  tol: 7.043031215201901e-08
seed: 2023
cv_n_splits: 5
cv_n_repeats: 10
preprocessing_config:
  eps: 1.0e-06
  min_speed: 0.01
  max_hours: 9999.0
