model_type: coxnet
model_params:
  l1_ratio: 0.9741651077643491
  alpha_min_ratio: 0.06269235501668276
  n_alphas: 120
  max_iter: 11448
  tol: 2.3266770880357787e-06
seed: 777
cv_n_splits: 5
cv_n_repeats: 10
preprocessing_config:
  eps: 1.0e-06
  min_speed: 0.01
  max_hours: 9999.0
