model_type: coxnet
model_params:
  l1_ratio: 0.6136345633744538
  alpha_min_ratio: 0.05838306335558034
  n_alphas: 172
  max_iter: 10854
  tol: 2.945609508543856e-05
seed: 777
cv_n_splits: 5
cv_n_repeats: 10
preprocessing_config:
  eps: 1.0e-06
  min_speed: 0.01
  max_hours: 9999.0
