model_type: coxnet
model_params:
  l1_ratio: 0.9810411454530519
  alpha_min_ratio: 0.05940060932735831
  n_alphas: 297
  max_iter: 19589
  tol: 7.043103506892873e-06
seed: 1024
cv_n_splits: 5
cv_n_repeats: 10
preprocessing_config:
  eps: 1.0e-06
  min_speed: 0.01
  max_hours: 9999.0
