model_type: gbsa
model_params:
  loss: coxph
  n_estimators: 120
  learning_rate: 0.038178296000793706
  subsample: 0.8421937765898275
  max_depth: 2
  max_features: 1.0
  max_leaf_nodes: 16
  min_samples_split: 8
  min_samples_leaf: 11
  min_weight_fraction_leaf: 0.0
  min_impurity_decrease: 0.04974936365540352
  criterion: friedman_mse
  ccp_alpha: 0.00011806170840523774
  dropout_rate: 0.08389446072309013
  validation_fraction: 0.2539908880132162
  n_iter_no_change: null
  tol: 0.0003223223891412532
  random_state: 777
  warm_start: false
  verbose: 0
seed: 777
cv_n_splits: 5
cv_n_repeats: 10
preprocessing_config:
  eps: 1.0e-06
  min_speed: 0.01
  max_hours: 9999.0
