model_type: coxnet
model_params:
  l1_ratio: 0.3587677640439189
  alpha_min_ratio: 0.0027955933803236266
  n_alphas: 58
  max_iter: 1657
  tol: 4.027866747304448e-05
seed: 42
cv_n_splits: 5
cv_n_repeats: 10
preprocessing_config:
  eps: 1.0e-06
  min_speed: 0.01
  max_hours: 9999.0
