model_type: coxnet
model_params:
  l1_ratio: 0.9690014787000054
  alpha_min_ratio: 0.05076563023793321
  n_alphas: 265
  max_iter: 12886
  tol: 3.61232941368337e-05
seed: 777
cv_n_splits: 5
cv_n_repeats: 10
preprocessing_config:
  eps: 1.0e-06
  min_speed: 0.01
  max_hours: 9999.0
