model_type: coxnet
model_params:
  l1_ratio: 0.9662834099789335
  alpha_min_ratio: 0.0715097614187505
  n_alphas: 255
  max_iter: 531
  tol: 3.605426688207769e-05
seed: 42
cv_n_splits: 5
cv_n_repeats: 10
preprocessing_config:
  eps: 1.0e-06
  min_speed: 0.01
  max_hours: 9999.0
