model_type: coxnet
model_params:
  l1_ratio: 0.8176018521360885
  alpha_min_ratio: 0.07323007476196544
  n_alphas: 299
  max_iter: 19747
  tol: 5.0169372869458745e-05
seed: 1024
cv_n_splits: 5
cv_n_repeats: 10
preprocessing_config:
  eps: 1.0e-06
  min_speed: 0.01
  max_hours: 9999.0
