model_type: gbsa
model_params:
  loss: coxph
  n_estimators: 144
  learning_rate: 0.01929712725009742
  subsample: 0.6099649442901522
  max_depth: 5
  max_features: null
  max_leaf_nodes: 8
  min_samples_split: 3
  min_samples_leaf: 4
  min_weight_fraction_leaf: 0.0
  min_impurity_decrease: 0.02431620954250196
  criterion: friedman_mse
  ccp_alpha: 6.952246903972194e-07
  dropout_rate: 0.18040773726270348
  validation_fraction: 0.2787993281748222
  n_iter_no_change: 10
  tol: 7.137647562996685e-05
  random_state: 777
  warm_start: false
  verbose: 0
seed: 777
cv_n_splits: 5
cv_n_repeats: 10
preprocessing_config:
  eps: 1.0e-06
  min_speed: 0.01
  max_hours: 9999.0
