model_type: gbsa
model_params:
  loss: coxph
  n_estimators: 371
  learning_rate: 0.045038130847619665
  subsample: 0.7143882290372859
  max_depth: 3
  max_features: 0.5
  max_leaf_nodes: 16
  min_samples_split: 19
  min_samples_leaf: 15
  min_weight_fraction_leaf: 0.0
  min_impurity_decrease: 0.02606011222207594
  criterion: friedman_mse
  ccp_alpha: 1.4821676356723892e-05
  dropout_rate: 0.027938272900709132
  validation_fraction: 0.12197275409782131
  n_iter_no_change: null
  tol: 0.000325515483204745
  random_state: 2023
  warm_start: false
  verbose: 0
seed: 2023
cv_n_splits: 5
cv_n_repeats: 10
preprocessing_config:
  eps: 1.0e-06
  min_speed: 0.01
  max_hours: 9999.0
