model_type: gbsa
model_params:
  loss: coxph
  n_estimators: 102
  learning_rate: 0.04932991773065827
  subsample: 0.9130612760394027
  max_depth: 2
  max_features: 0.3
  max_leaf_nodes: 16
  min_samples_split: 15
  min_samples_leaf: 20
  min_weight_fraction_leaf: 0.0
  min_impurity_decrease: 0.04784074367023123
  criterion: friedman_mse
  ccp_alpha: 4.892584825062576e-07
  dropout_rate: 0.12561507019779963
  validation_fraction: 0.2734238934649922
  n_iter_no_change: 20
  tol: 1.3953964184155131e-05
  random_state: 777
  warm_start: false
  verbose: 0
seed: 777
cv_n_splits: 5
cv_n_repeats: 10
preprocessing_config:
  eps: 1.0e-06
  min_speed: 0.01
  max_hours: 9999.0
