model_type: coxnet
model_params:
  l1_ratio: 0.9648911086497628
  alpha_min_ratio: 0.05276453282008483
  n_alphas: 130
  max_iter: 13015
  tol: 2.0575807423547139e-07
seed: 777
cv_n_splits: 5
cv_n_repeats: 10
preprocessing_config:
  eps: 1.0e-06
  min_speed: 0.01
  max_hours: 9999.0
