model_type: coxnet
model_params:
  l1_ratio: 0.9260572468829351
  alpha_min_ratio: 0.09620816727132427
  n_alphas: 164
  max_iter: 19448
  tol: 2.7253792312217565e-05
seed: 1024
cv_n_splits: 5
cv_n_repeats: 10
preprocessing_config:
  eps: 1.0e-06
  min_speed: 0.01
  max_hours: 9999.0
