model_type: coxnet
model_params:
  l1_ratio: 0.978454422442809
  alpha_min_ratio: 0.05310848819657903
  n_alphas: 119
  max_iter: 14612
  tol: 5.331478297830267e-06
seed: 777
cv_n_splits: 5
cv_n_repeats: 10
preprocessing_config:
  eps: 1.0e-06
  min_speed: 0.01
  max_hours: 9999.0
