model_type: coxnet
model_params:
  l1_ratio: 0.8675135504808187
  alpha_min_ratio: 0.09199946285671325
  n_alphas: 57
  max_iter: 15964
  tol: 3.404453471059608e-06
seed: 777
cv_n_splits: 5
cv_n_repeats: 10
preprocessing_config:
  eps: 1.0e-06
  min_speed: 0.01
  max_hours: 9999.0
