model_type: coxnet
model_params:
  l1_ratio: 0.9116452406184501
  alpha_min_ratio: 0.08499787041879725
  n_alphas: 264
  max_iter: 15469
  tol: 2.5652613662423586e-06
seed: 777
cv_n_splits: 5
cv_n_repeats: 10
preprocessing_config:
  eps: 1.0e-06
  min_speed: 0.01
  max_hours: 9999.0
