model_type: coxnet
model_params:
  l1_ratio: 0.9965378464230545
  alpha_min_ratio: 0.06120676342730584
  n_alphas: 247
  max_iter: 19195
  tol: 2.9124334056771395e-06
seed: 42
cv_n_splits: 5
cv_n_repeats: 10
preprocessing_config:
  eps: 1.0e-06
  min_speed: 0.01
  max_hours: 9999.0
