model_type: gbsa
model_params:
  loss: coxph
  n_estimators: 218
  learning_rate: 0.08989084570898481
  subsample: 0.5951757091713672
  max_depth: 4
  max_features: sqrt
  max_leaf_nodes: 8
  min_samples_split: 8
  min_samples_leaf: 6
  min_weight_fraction_leaf: 0.0
  min_impurity_decrease: 0.040576454285409055
  criterion: friedman_mse
  ccp_alpha: 3.85812917887441e-06
  dropout_rate: 0.10702056146960778
  validation_fraction: 0.2438216551427919
  n_iter_no_change: 5
  tol: 0.0001848004684535224
  random_state: 777
  warm_start: false
  verbose: 0
seed: 777
cv_n_splits: 5
cv_n_repeats: 10
preprocessing_config:
  eps: 1.0e-06
  min_speed: 0.01
  max_hours: 9999.0
