model_type: coxnet
model_params:
  l1_ratio: 0.9920125230746331
  alpha_min_ratio: 0.04587102759603405
  n_alphas: 187
  max_iter: 9639
  tol: 3.180849451755897e-06
seed: 777
cv_n_splits: 5
cv_n_repeats: 10
preprocessing_config:
  eps: 1.0e-06
  min_speed: 0.01
  max_hours: 9999.0
