model_type: gbsa
model_params:
  loss: coxph
  n_estimators: 439
  learning_rate: 0.1163534501351663
  subsample: 0.5681988350202941
  max_depth: 4
  max_features: 0.5
  max_leaf_nodes: 16
  min_samples_split: 16
  min_samples_leaf: 13
  min_weight_fraction_leaf: 0.0
  min_impurity_decrease: 0.022712473730103537
  criterion: friedman_mse
  ccp_alpha: 0.007374360304063371
  dropout_rate: 0.06369415590587402
  validation_fraction: 0.22041041958742627
  n_iter_no_change: 10
  tol: 0.0056175725646231715
  random_state: 1024
  warm_start: false
  verbose: 0
seed: 1024
cv_n_splits: 5
cv_n_repeats: 10
preprocessing_config:
  eps: 1.0e-06
  min_speed: 0.01
  max_hours: 9999.0
