model_type: gbsa
model_params:
  loss: coxph
  n_estimators: 422
  learning_rate: 0.06048666814492361
  subsample: 0.8790108801086757
  max_depth: 3
  max_features: log2
  max_leaf_nodes: 16
  min_samples_split: 6
  min_samples_leaf: 6
  min_weight_fraction_leaf: 0.0
  min_impurity_decrease: 0.04768719562495817
  criterion: friedman_mse
  ccp_alpha: 7.510590230606477e-08
  dropout_rate: 0.148382964089886
  validation_fraction: 0.27946428764989445
  n_iter_no_change: 20
  tol: 3.867801308580595e-05
  random_state: 777
  warm_start: false
  verbose: 0
seed: 777
cv_n_splits: 5
cv_n_repeats: 10
preprocessing_config:
  eps: 1.0e-06
  min_speed: 0.01
  max_hours: 9999.0
