model_type: coxnet
model_params:
  l1_ratio: 0.6962140552067052
  alpha_min_ratio: 0.017738886976219746
  n_alphas: 186
  max_iter: 6166
  tol: 7.427842943306151e-07
seed: 2023
cv_n_splits: 5
cv_n_repeats: 10
preprocessing_config:
  eps: 1.0e-06
  min_speed: 0.01
  max_hours: 9999.0
