model_type: coxnet
model_params:
  l1_ratio: 0.9189891995945424
  alpha_min_ratio: 0.03682961472962002
  n_alphas: 228
  max_iter: 1693
  tol: 5.245577133868561e-06
seed: 42
cv_n_splits: 5
cv_n_repeats: 10
preprocessing_config:
  eps: 1.0e-06
  min_speed: 0.01
  max_hours: 9999.0
