model_type: coxnet
model_params:
  l1_ratio: 0.8597523427061505
  alpha_min_ratio: 0.090823456061789
  n_alphas: 113
  max_iter: 17464
  tol: 1.4080937011431198e-06
seed: 2023
cv_n_splits: 5
cv_n_repeats: 10
preprocessing_config:
  eps: 1.0e-06
  min_speed: 0.01
  max_hours: 9999.0
