model_type: coxnet
model_params:
  l1_ratio: 0.725547341114945
  alpha_min_ratio: 0.03592914116057597
  n_alphas: 205
  max_iter: 1439
  tol: 6.736390359081174e-05
seed: 42
cv_n_splits: 5
cv_n_repeats: 10
preprocessing_config:
  eps: 1.0e-06
  min_speed: 0.01
  max_hours: 9999.0
