model_type: coxnet
model_params:
  l1_ratio: 0.812176863966536
  alpha_min_ratio: 0.06648769006323871
  n_alphas: 243
  max_iter: 8518
  tol: 1.4260674121459296e-05
seed: 2023
cv_n_splits: 5
cv_n_repeats: 10
preprocessing_config:
  eps: 1.0e-06
  min_speed: 0.01
  max_hours: 9999.0
