model_type: gbsa
model_params:
  loss: coxph
  n_estimators: 333
  learning_rate: 0.16625736002973013
  subsample: 0.9338170416667101
  max_depth: 5
  max_features: null
  max_leaf_nodes: 63
  min_samples_split: 20
  min_samples_leaf: 4
  min_weight_fraction_leaf: 0.0
  min_impurity_decrease: 0.04282285575637862
  criterion: friedman_mse
  ccp_alpha: 0.0026528104122029448
  dropout_rate: 0.021328745063571977
  validation_fraction: 0.288425326159891
  n_iter_no_change: null
  tol: 0.0031736388651312513
  random_state: 1024
  warm_start: false
  verbose: 0
seed: 1024
cv_n_splits: 5
cv_n_repeats: 10
preprocessing_config:
  eps: 1.0e-06
  min_speed: 0.01
  max_hours: 9999.0
