model_type: gbsa
model_params:
  loss: coxph
  n_estimators: 415
  learning_rate: 0.08463591514179347
  subsample: 0.7683163877704584
  max_depth: 3
  max_features: 0.3
  max_leaf_nodes: 16
  min_samples_split: 4
  min_samples_leaf: 6
  min_weight_fraction_leaf: 0.0
  min_impurity_decrease: 0.020549934191395645
  criterion: friedman_mse
  ccp_alpha: 0.0006298372958561437
  dropout_rate: 0.021290442005681632
  validation_fraction: 0.17780757487319962
  n_iter_no_change: 5
  tol: 0.00031790922501079917
  random_state: 777
  warm_start: false
  verbose: 0
seed: 777
cv_n_splits: 5
cv_n_repeats: 10
preprocessing_config:
  eps: 1.0e-06
  min_speed: 0.01
  max_hours: 9999.0
