model_type: gbsa
model_params:
  loss: coxph
  n_estimators: 418
  learning_rate: 0.024244214064013198
  subsample: 0.9915410862744469
  max_depth: 3
  max_features: log2
  max_leaf_nodes: 63
  min_samples_split: 6
  min_samples_leaf: 3
  min_weight_fraction_leaf: 0.0
  min_impurity_decrease: 0.03617147792364725
  criterion: friedman_mse
  ccp_alpha: 2.317106109585631e-06
  dropout_rate: 0.06330595702650615
  validation_fraction: 0.24812422486710145
  n_iter_no_change: null
  tol: 0.00048535391129239295
  random_state: 1024
  warm_start: false
  verbose: 0
seed: 1024
cv_n_splits: 5
cv_n_repeats: 10
preprocessing_config:
  eps: 1.0e-06
  min_speed: 0.01
  max_hours: 9999.0
