model_type: coxnet
model_params:
  l1_ratio: 0.9455664284745467
  alpha_min_ratio: 0.0645149084470815
  n_alphas: 73
  max_iter: 10227
  tol: 3.095718229865849e-05
seed: 2023
cv_n_splits: 5
cv_n_repeats: 10
preprocessing_config:
  eps: 1.0e-06
  min_speed: 0.01
  max_hours: 9999.0
