model_type: gbsa
model_params:
  loss: coxph
  n_estimators: 86
  learning_rate: 0.0883893848232312
  subsample: 0.6933974541792773
  max_depth: 5
  max_features: 0.3
  max_leaf_nodes: 8
  min_samples_split: 16
  min_samples_leaf: 20
  min_weight_fraction_leaf: 0.0
  min_impurity_decrease: 0.02214219863417384
  criterion: friedman_mse
  ccp_alpha: 1.0709296030364081e-05
  dropout_rate: 0.0035489022545621488
  validation_fraction: 0.2604467746418212
  n_iter_no_change: 5
  tol: 0.004844943098688307
  random_state: 2023
  warm_start: false
  verbose: 0
seed: 2023
cv_n_splits: 5
cv_n_repeats: 10
preprocessing_config:
  eps: 1.0e-06
  min_speed: 0.01
  max_hours: 9999.0
