model_type: coxnet
model_params:
  l1_ratio: 0.9893046523557464
  alpha_min_ratio: 0.07029847880112328
  n_alphas: 260
  max_iter: 18389
  tol: 6.27906430547331e-06
seed: 42
cv_n_splits: 5
cv_n_repeats: 10
preprocessing_config:
  eps: 1.0e-06
  min_speed: 0.01
  max_hours: 9999.0
