model_type: coxnet
model_params:
  l1_ratio: 0.9575408864094506
  alpha_min_ratio: 0.0018008747647638098
  n_alphas: 154
  max_iter: 13808
  tol: 3.794238751385747e-05
seed: 42
cv_n_splits: 5
cv_n_repeats: 10
preprocessing_config:
  eps: 1.0e-06
  min_speed: 0.01
  max_hours: 9999.0
