model_type: coxnet
model_params:
  l1_ratio: 0.7391018069086646
  alpha_min_ratio: 0.011942584043705027
  n_alphas: 278
  max_iter: 5691
  tol: 8.253700658679055e-05
seed: 42
cv_n_splits: 5
cv_n_repeats: 10
preprocessing_config:
  eps: 1.0e-06
  min_speed: 0.01
  max_hours: 9999.0
