model_type: coxnet
model_params:
  l1_ratio: 0.6984933301728227
  alpha_min_ratio: 0.03406802955205328
  n_alphas: 186
  max_iter: 19996
  tol: 8.528569273674443e-05
seed: 42
cv_n_splits: 5
cv_n_repeats: 10
preprocessing_config:
  eps: 1.0e-06
  min_speed: 0.01
  max_hours: 9999.0
