model_type: gbsa
model_params:
  loss: coxph
  n_estimators: 397
  learning_rate: 0.13783031575459967
  subsample: 0.5427149086121141
  max_depth: 6
  max_features: null
  max_leaf_nodes: null
  min_samples_split: 12
  min_samples_leaf: 17
  min_weight_fraction_leaf: 0.0
  min_impurity_decrease: 0.005330973695617788
  criterion: friedman_mse
  ccp_alpha: 0.00010229428806873478
  dropout_rate: 0.047200053273233865
  validation_fraction: 0.11780683460684906
  n_iter_no_change: null
  tol: 0.008734648848806596
  random_state: 2023
  warm_start: false
  verbose: 0
seed: 2023
cv_n_splits: 5
cv_n_repeats: 10
preprocessing_config:
  eps: 1.0e-06
  min_speed: 0.01
  max_hours: 9999.0
