model_type: coxnet
model_params:
  l1_ratio: 0.9911975701181004
  alpha_min_ratio: 0.03029032820876213
  n_alphas: 103
  max_iter: 12431
  tol: 9.457193002814145e-07
seed: 1024
cv_n_splits: 5
cv_n_repeats: 10
preprocessing_config:
  eps: 1.0e-06
  min_speed: 0.01
  max_hours: 9999.0
