model_type: gbsa
model_params:
  loss: coxph
  n_estimators: 196
  learning_rate: 0.08931891351118944
  subsample: 0.7686962668710147
  max_depth: 3
  max_features: sqrt
  max_leaf_nodes: 8
  min_samples_split: 2
  min_samples_leaf: 17
  min_weight_fraction_leaf: 0.0
  min_impurity_decrease: 0.03650471024573895
  criterion: friedman_mse
  ccp_alpha: 0.002599291158416329
  dropout_rate: 0.007467041985911804
  validation_fraction: 0.24006867194537476
  n_iter_no_change: null
  tol: 3.0520828541081026e-05
  random_state: 777
  warm_start: false
  verbose: 0
seed: 777
cv_n_splits: 5
cv_n_repeats: 10
preprocessing_config:
  eps: 1.0e-06
  min_speed: 0.01
  max_hours: 9999.0
