model_type: coxnet
model_params:
  l1_ratio: 0.9344951319845021
  alpha_min_ratio: 0.0834882797972127
  n_alphas: 154
  max_iter: 8818
  tol: 4.159220969304085e-06
seed: 777
cv_n_splits: 5
cv_n_repeats: 10
preprocessing_config:
  eps: 1.0e-06
  min_speed: 0.01
  max_hours: 9999.0
