model_type: gbsa
model_params:
  loss: coxph
  n_estimators: 185
  learning_rate: 0.15703242663655054
  subsample: 0.656805220211995
  max_depth: 5
  max_features: sqrt
  max_leaf_nodes: 8
  min_samples_split: 2
  min_samples_leaf: 19
  min_weight_fraction_leaf: 0.0
  min_impurity_decrease: 0.04671334783731068
  criterion: friedman_mse
  ccp_alpha: 4.5663381794502195e-05
  dropout_rate: 0.007392520366697802
  validation_fraction: 0.26957980073277354
  n_iter_no_change: null
  tol: 5.0644994523278026e-05
  random_state: 777
  warm_start: false
  verbose: 0
seed: 777
cv_n_splits: 5
cv_n_repeats: 10
preprocessing_config:
  eps: 1.0e-06
  min_speed: 0.01
  max_hours: 9999.0
