model_type: coxnet
model_params:
  l1_ratio: 0.9236177738939972
  alpha_min_ratio: 0.029089578530281643
  n_alphas: 222
  max_iter: 249
  tol: 2.687151735978646e-07
seed: 42
cv_n_splits: 5
cv_n_repeats: 10
preprocessing_config:
  eps: 1.0e-06
  min_speed: 0.01
  max_hours: 9999.0
