model_type: gbsa
model_params:
  loss: coxph
  n_estimators: 96
  learning_rate: 0.049713028795201994
  subsample: 0.8996336167559055
  max_depth: 6
  max_features: 1.0
  max_leaf_nodes: 8
  min_samples_split: 3
  min_samples_leaf: 16
  min_weight_fraction_leaf: 0.0
  min_impurity_decrease: 0.02621414622976437
  criterion: friedman_mse
  ccp_alpha: 0.00036034597582620855
  dropout_rate: 0.10277988098070444
  validation_fraction: 0.2630830042112715
  n_iter_no_change: 5
  tol: 1.343802889662303e-05
  random_state: 42
  warm_start: false
  verbose: 0
seed: 42
cv_n_splits: 5
cv_n_repeats: 10
preprocessing_config:
  eps: 1.0e-06
  min_speed: 0.01
  max_hours: 9999.0
