model_type: gbsa
model_params:
  loss: coxph
  n_estimators: 389
  learning_rate: 0.07101122034351212
  subsample: 0.6235886851393864
  max_depth: 4
  max_features: 0.7
  max_leaf_nodes: null
  min_samples_split: 2
  min_samples_leaf: 13
  min_weight_fraction_leaf: 0.0
  min_impurity_decrease: 0.024399776381673493
  criterion: friedman_mse
  ccp_alpha: 0.005339553123224842
  dropout_rate: 0.014672666905108685
  validation_fraction: 0.24470393942024282
  n_iter_no_change: null
  tol: 2.951221885120237e-05
  random_state: 42
  warm_start: false
  verbose: 0
seed: 42
cv_n_splits: 5
cv_n_repeats: 10
preprocessing_config:
  eps: 1.0e-06
  min_speed: 0.01
  max_hours: 9999.0
