model_type: gbsa
model_params:
  loss: coxph
  n_estimators: 239
  learning_rate: 0.119771876632065
  subsample: 0.5420975289438309
  max_depth: 6
  max_features: sqrt
  max_leaf_nodes: 63
  min_samples_split: 10
  min_samples_leaf: 18
  min_weight_fraction_leaf: 0.0
  min_impurity_decrease: 0.012239179837909042
  criterion: friedman_mse
  ccp_alpha: 1.4688913442341942e-06
  dropout_rate: 0.01587258164181189
  validation_fraction: 0.1124071620654798
  n_iter_no_change: null
  tol: 8.92945276731794e-05
  random_state: 2023
  warm_start: false
  verbose: 0
seed: 2023
cv_n_splits: 5
cv_n_repeats: 10
preprocessing_config:
  eps: 1.0e-06
  min_speed: 0.01
  max_hours: 9999.0
