model_type: gbsa
model_params:
  loss: coxph
  n_estimators: 458
  learning_rate: 0.026656397008653694
  subsample: 0.5931816020344876
  max_depth: 4
  max_features: log2
  max_leaf_nodes: 16
  min_samples_split: 14
  min_samples_leaf: 15
  min_weight_fraction_leaf: 0.0
  min_impurity_decrease: 0.03025735124585656
  criterion: friedman_mse
  ccp_alpha: 7.858128949852671e-06
  dropout_rate: 0.06837229282077731
  validation_fraction: 0.26421507584155246
  n_iter_no_change: null
  tol: 0.003562808692853385
  random_state: 1024
  warm_start: false
  verbose: 0
seed: 1024
cv_n_splits: 5
cv_n_repeats: 10
preprocessing_config:
  eps: 1.0e-06
  min_speed: 0.01
  max_hours: 9999.0
