model_type: coxnet
model_params:
  l1_ratio: 0.8166438452457695
  alpha_min_ratio: 0.09197124470411805
  n_alphas: 257
  max_iter: 12168
  tol: 9.298562190117237e-05
seed: 1024
cv_n_splits: 5
cv_n_repeats: 10
preprocessing_config:
  eps: 1.0e-06
  min_speed: 0.01
  max_hours: 9999.0
