model_type: coxnet
model_params:
  l1_ratio: 0.7330014926226001
  alpha_min_ratio: 0.07591867180692081
  n_alphas: 257
  max_iter: 1377
  tol: 7.580200330495974e-06
seed: 42
cv_n_splits: 5
cv_n_repeats: 10
preprocessing_config:
  eps: 1.0e-06
  min_speed: 0.01
  max_hours: 9999.0
