model_type: coxnet
model_params:
  l1_ratio: 0.9883992470161129
  alpha_min_ratio: 0.06509214127509096
  n_alphas: 270
  max_iter: 18957
  tol: 8.145495938282958e-06
seed: 42
cv_n_splits: 5
cv_n_repeats: 10
preprocessing_config:
  eps: 1.0e-06
  min_speed: 0.01
  max_hours: 9999.0
