model_type: coxnet
model_params:
  l1_ratio: 0.9444279719474329
  alpha_min_ratio: 0.09453569792004614
  n_alphas: 262
  max_iter: 446
  tol: 3.0280301798126083e-05
seed: 42
cv_n_splits: 5
cv_n_repeats: 10
preprocessing_config:
  eps: 1.0e-06
  min_speed: 0.01
  max_hours: 9999.0
