model_type: coxnet
model_params:
  l1_ratio: 0.1324599948468589
  alpha_min_ratio: 0.02478029951346205
  n_alphas: 68
  max_iter: 2404
  tol: 4.8173737830717606e-05
seed: 1024
cv_n_splits: 5
cv_n_repeats: 10
preprocessing_config:
  eps: 1.0e-06
  min_speed: 0.01
  max_hours: 9999.0
