model_type: coxnet
model_params:
  l1_ratio: 0.8621844270646744
  alpha_min_ratio: 0.07036518422262
  n_alphas: 123
  max_iter: 496
  tol: 3.477415077003916e-05
seed: 42
cv_n_splits: 5
cv_n_repeats: 10
preprocessing_config:
  eps: 1.0e-06
  min_speed: 0.01
  max_hours: 9999.0
