model_type: coxnet
model_params:
  l1_ratio: 0.8324810741580271
  alpha_min_ratio: 0.08500207727798746
  n_alphas: 125
  max_iter: 19742
  tol: 2.702993044872349e-06
seed: 777
cv_n_splits: 5
cv_n_repeats: 10
preprocessing_config:
  eps: 1.0e-06
  min_speed: 0.01
  max_hours: 9999.0
