model_type: coxnet
model_params:
  l1_ratio: 0.8720615461335466
  alpha_min_ratio: 0.00017143787611455973
  n_alphas: 242
  max_iter: 13192
  tol: 5.976846372114737e-08
seed: 1024
cv_n_splits: 5
cv_n_repeats: 10
preprocessing_config:
  eps: 1.0e-06
  min_speed: 0.01
  max_hours: 9999.0
