model_type: coxnet
model_params:
  l1_ratio: 0.9975635519481362
  alpha_min_ratio: 0.06911242183918126
  n_alphas: 274
  max_iter: 18980
  tol: 1.3649800627818175e-05
seed: 42
cv_n_splits: 5
cv_n_repeats: 10
preprocessing_config:
  eps: 1.0e-06
  min_speed: 0.01
  max_hours: 9999.0
