model_type: gbsa
model_params:
  loss: coxph
  n_estimators: 404
  learning_rate: 0.0398610479162205
  subsample: 0.64621417477638
  max_depth: 5
  max_features: sqrt
  max_leaf_nodes: 31
  min_samples_split: 4
  min_samples_leaf: 9
  min_weight_fraction_leaf: 0.0
  min_impurity_decrease: 0.024567491785933378
  criterion: friedman_mse
  ccp_alpha: 0.005470826752950032
  dropout_rate: 0.06449055395036632
  validation_fraction: 0.11488352732445266
  n_iter_no_change: null
  tol: 0.0002247182012517355
  random_state: 42
  warm_start: false
  verbose: 0
seed: 42
cv_n_splits: 5
cv_n_repeats: 10
preprocessing_config:
  eps: 1.0e-06
  min_speed: 0.01
  max_hours: 9999.0
