model_type: gbsa
model_params:
  loss: coxph
  n_estimators: 296
  learning_rate: 0.09700904878821215
  subsample: 0.659068589499123
  max_depth: 5
  max_features: null
  max_leaf_nodes: 8
  min_samples_split: 20
  min_samples_leaf: 7
  min_weight_fraction_leaf: 0.0
  min_impurity_decrease: 0.04767949548357747
  criterion: friedman_mse
  ccp_alpha: 2.2785798855545112e-05
  dropout_rate: 0.032648923249853766
  validation_fraction: 0.2051989467441939
  n_iter_no_change: null
  tol: 1.778105169509322e-05
  random_state: 777
  warm_start: false
  verbose: 0
seed: 777
cv_n_splits: 5
cv_n_repeats: 10
preprocessing_config:
  eps: 1.0e-06
  min_speed: 0.01
  max_hours: 9999.0
