model_type: coxnet
model_params:
  l1_ratio: 0.9347499021714933
  alpha_min_ratio: 0.07125082017840978
  n_alphas: 108
  max_iter: 14818
  tol: 9.881189775263431e-08
seed: 1024
cv_n_splits: 5
cv_n_repeats: 10
preprocessing_config:
  eps: 1.0e-06
  min_speed: 0.01
  max_hours: 9999.0
