model_type: coxnet
model_params:
  l1_ratio: 0.9611602845524763
  alpha_min_ratio: 0.05982906733419187
  n_alphas: 280
  max_iter: 19252
  tol: 5.430474210692953e-06
seed: 42
cv_n_splits: 5
cv_n_repeats: 10
preprocessing_config:
  eps: 1.0e-06
  min_speed: 0.01
  max_hours: 9999.0
