seed: 42
cv_n_splits: 5
cv_n_repeats: 10
gbsa_config:
  loss: coxph
  n_estimators: 259
  learning_rate: 0.13726046648946286
  subsample: 0.5629916112927653
  max_depth: 5
  max_features: 0.5
  max_leaf_nodes: 8
  min_samples_split: 19
  min_samples_leaf: 16
  min_weight_fraction_leaf: 0.0
  min_impurity_decrease: 0.03697970319059118
  criterion: friedman_mse
  ccp_alpha: 0.016531669275182778
  dropout_rate: 0.15809888774748626
  validation_fraction: 0.204383358182034
  n_iter_no_change: null
  tol: 0.00016178691190614914
  random_state: 42
  warm_start: false
  verbose: 0
preprocessing_config:
  eps: 1.0e-06
  min_speed: 0.01
  max_hours: 9999.0
