model_type: coxnet
model_params:
  l1_ratio: 0.605067336463432
  alpha_min_ratio: 0.009950890949456054
  n_alphas: 188
  max_iter: 14579
  tol: 2.1220223908266973e-08
seed: 2023
cv_n_splits: 5
cv_n_repeats: 10
preprocessing_config:
  eps: 1.0e-06
  min_speed: 0.01
  max_hours: 9999.0
