model_type: coxnet
model_params:
  l1_ratio: 0.03353758140039954
  alpha_min_ratio: 0.00035149486146414605
  n_alphas: 290
  max_iter: 16343
  tol: 2.3181379122402872e-07
seed: 777
cv_n_splits: 5
cv_n_repeats: 10
preprocessing_config:
  eps: 1.0e-06
  min_speed: 0.01
  max_hours: 9999.0
