model_type: coxnet
model_params:
  l1_ratio: 0.37602961095028004
  alpha_min_ratio: 0.0001853790974340312
  n_alphas: 266
  max_iter: 1039
  tol: 1.233955523877825e-07
seed: 42
cv_n_splits: 5
cv_n_repeats: 10
preprocessing_config:
  eps: 1.0e-06
  min_speed: 0.01
  max_hours: 9999.0
