model_type: coxnet
model_params:
  l1_ratio: 0.9965217439021615
  alpha_min_ratio: 0.06449285750048273
  n_alphas: 233
  max_iter: 1627
  tol: 1.6818881423536088e-05
seed: 42
cv_n_splits: 5
cv_n_repeats: 10
preprocessing_config:
  eps: 1.0e-06
  min_speed: 0.01
  max_hours: 9999.0
