model_type: gbsa
model_params:
  loss: coxph
  n_estimators: 334
  learning_rate: 0.07631615041592689
  subsample: 0.8279461771015397
  max_depth: 2
  max_features: 0.3
  max_leaf_nodes: 16
  min_samples_split: 11
  min_samples_leaf: 9
  min_weight_fraction_leaf: 0.0
  min_impurity_decrease: 0.049219066007415685
  criterion: friedman_mse
  ccp_alpha: 4.986970169543118e-06
  dropout_rate: 0.14377494192392434
  validation_fraction: 0.23805589115735049
  n_iter_no_change: null
  tol: 0.0010458141348018467
  random_state: 1024
  warm_start: false
  verbose: 0
seed: 1024
cv_n_splits: 5
cv_n_repeats: 10
preprocessing_config:
  eps: 1.0e-06
  min_speed: 0.01
  max_hours: 9999.0
