model_type: coxnet
model_params:
  l1_ratio: 0.9078200013646623
  alpha_min_ratio: 0.08268428761503993
  n_alphas: 219
  max_iter: 15064
  tol: 2.070464954618174e-06
seed: 2023
cv_n_splits: 5
cv_n_repeats: 10
preprocessing_config:
  eps: 1.0e-06
  min_speed: 0.01
  max_hours: 9999.0
