model_type: coxnet
model_params:
  l1_ratio: 0.9251956980363008
  alpha_min_ratio: 0.05994647311336458
  n_alphas: 299
  max_iter: 19637
  tol: 5.101065458281886e-06
seed: 42
cv_n_splits: 5
cv_n_repeats: 10
preprocessing_config:
  eps: 1.0e-06
  min_speed: 0.01
  max_hours: 9999.0
