model_type: coxnet
model_params:
  l1_ratio: 0.864551798060942
  alpha_min_ratio: 0.09203646732106176
  n_alphas: 194
  max_iter: 18454
  tol: 5.531358774222797e-07
seed: 777
cv_n_splits: 5
cv_n_repeats: 10
preprocessing_config:
  eps: 1.0e-06
  min_speed: 0.01
  max_hours: 9999.0
