model_type: gbsa
model_params:
  loss: coxph
  n_estimators: 444
  learning_rate: 0.07827073021345016
  subsample: 0.6388425221224375
  max_depth: 3
  max_features: 1.0
  max_leaf_nodes: 16
  min_samples_split: 17
  min_samples_leaf: 10
  min_weight_fraction_leaf: 0.0
  min_impurity_decrease: 0.031227461256270798
  criterion: friedman_mse
  ccp_alpha: 0.0010469805558801957
  dropout_rate: 0.039381785227422014
  validation_fraction: 0.252163613885084
  n_iter_no_change: null
  tol: 0.0019054792714878967
  random_state: 1024
  warm_start: false
  verbose: 0
seed: 1024
cv_n_splits: 5
cv_n_repeats: 10
preprocessing_config:
  eps: 1.0e-06
  min_speed: 0.01
  max_hours: 9999.0
