model_type: coxnet
model_params:
  l1_ratio: 0.9717646192371412
  alpha_min_ratio: 0.06787195402473739
  n_alphas: 253
  max_iter: 17062
  tol: 9.947894450003555e-05
seed: 42
cv_n_splits: 5
cv_n_repeats: 10
preprocessing_config:
  eps: 1.0e-06
  min_speed: 0.01
  max_hours: 9999.0
