model_type: coxnet
model_params:
  l1_ratio: 0.7235030674843096
  alpha_min_ratio: 0.05510169659486136
  n_alphas: 108
  max_iter: 14568
  tol: 2.7299240051158004e-07
seed: 1024
cv_n_splits: 5
cv_n_repeats: 10
preprocessing_config:
  eps: 1.0e-06
  min_speed: 0.01
  max_hours: 9999.0
