model_type: gbsa
model_params:
  loss: coxph
  n_estimators: 402
  learning_rate: 0.07286319422640437
  subsample: 0.7495016388664025
  max_depth: 5
  max_features: null
  max_leaf_nodes: null
  min_samples_split: 2
  min_samples_leaf: 11
  min_weight_fraction_leaf: 0.0
  min_impurity_decrease: 0.03888576161265362
  criterion: friedman_mse
  ccp_alpha: 0.00022129746859784704
  dropout_rate: 0.09579815815796736
  validation_fraction: 0.18201167326491016
  n_iter_no_change: null
  tol: 0.0005693906022277559
  random_state: 42
  warm_start: false
  verbose: 0
seed: 42
cv_n_splits: 5
cv_n_repeats: 10
preprocessing_config:
  eps: 1.0e-06
  min_speed: 0.01
  max_hours: 9999.0
