model_type: coxnet
model_params:
  l1_ratio: 0.9888152292109972
  alpha_min_ratio: 0.028287219124703618
  n_alphas: 67
  max_iter: 6148
  tol: 4.4225766634596284e-05
seed: 777
cv_n_splits: 5
cv_n_repeats: 10
preprocessing_config:
  eps: 1.0e-06
  min_speed: 0.01
  max_hours: 9999.0
