model_type: coxnet
model_params:
  l1_ratio: 0.7834455306843604
  alpha_min_ratio: 0.0973424883604436
  n_alphas: 216
  max_iter: 1889
  tol: 4.385234887234965e-05
seed: 42
cv_n_splits: 5
cv_n_repeats: 10
preprocessing_config:
  eps: 1.0e-06
  min_speed: 0.01
  max_hours: 9999.0
