model_type: coxnet
model_params:
  l1_ratio: 0.5792796199022383
  alpha_min_ratio: 0.09826808270331198
  n_alphas: 122
  max_iter: 16584
  tol: 5.291768978166908e-06
seed: 777
cv_n_splits: 5
cv_n_repeats: 10
preprocessing_config:
  eps: 1.0e-06
  min_speed: 0.01
  max_hours: 9999.0
