model_type: coxnet
model_params:
  l1_ratio: 0.8494051999518819
  alpha_min_ratio: 0.031129915833717398
  n_alphas: 168
  max_iter: 14113
  tol: 1.1347850492197183e-07
seed: 2023
cv_n_splits: 5
cv_n_repeats: 10
preprocessing_config:
  eps: 1.0e-06
  min_speed: 0.01
  max_hours: 9999.0
