model_type: coxnet
model_params:
  l1_ratio: 0.8567290081944933
  alpha_min_ratio: 0.04375105269318637
  n_alphas: 140
  max_iter: 18570
  tol: 2.1336907671677762e-07
seed: 1024
cv_n_splits: 5
cv_n_repeats: 10
preprocessing_config:
  eps: 1.0e-06
  min_speed: 0.01
  max_hours: 9999.0
