model_type: gbsa
model_params:
  loss: coxph
  n_estimators: 240
  learning_rate: 0.17727719777165768
  subsample: 0.9694166630597114
  max_depth: 6
  max_features: log2
  max_leaf_nodes: 16
  min_samples_split: 7
  min_samples_leaf: 7
  min_weight_fraction_leaf: 0.0
  min_impurity_decrease: 0.02739903830736464
  criterion: friedman_mse
  ccp_alpha: 0.006954705788376237
  dropout_rate: 0.05848600729299588
  validation_fraction: 0.26726768416678626
  n_iter_no_change: 5
  tol: 0.00011018753883690777
  random_state: 42
  warm_start: false
  verbose: 0
seed: 42
cv_n_splits: 5
cv_n_repeats: 10
preprocessing_config:
  eps: 1.0e-06
  min_speed: 0.01
  max_hours: 9999.0
