model_type: gbsa
model_params:
  loss: coxph
  n_estimators: 289
  learning_rate: 0.049633163004158314
  subsample: 0.8132121519444007
  max_depth: 1
  max_features: 0.7
  max_leaf_nodes: 8
  min_samples_split: 11
  min_samples_leaf: 16
  min_weight_fraction_leaf: 0.0
  min_impurity_decrease: 0.03177096612452642
  criterion: friedman_mse
  ccp_alpha: 3.208622640536569e-07
  dropout_rate: 0.06292857832722215
  validation_fraction: 0.2387097714655001
  n_iter_no_change: 20
  tol: 1.510218167980051e-05
  random_state: 2023
  warm_start: false
  verbose: 0
seed: 2023
cv_n_splits: 5
cv_n_repeats: 10
preprocessing_config:
  eps: 1.0e-06
  min_speed: 0.01
  max_hours: 9999.0
