model_type: coxnet
model_params:
  l1_ratio: 0.9722330354855074
  alpha_min_ratio: 0.02962941118261064
  n_alphas: 228
  max_iter: 19579
  tol: 9.422817430932229e-05
seed: 1024
cv_n_splits: 5
cv_n_repeats: 10
preprocessing_config:
  eps: 1.0e-06
  min_speed: 0.01
  max_hours: 9999.0
