seed: 42
cv_n_splits: 5
cv_n_repeats: 10
gbsa_config:
  loss: coxph
  n_estimators: 335
  learning_rate: 0.1496343068709644
  subsample: 0.7285376045286664
  max_depth: 3
  max_features: 0.5
  max_leaf_nodes: 16
  min_samples_split: 7
  min_samples_leaf: 16
  min_weight_fraction_leaf: 0.0
  min_impurity_decrease: 0.0029718116961019335
  criterion: friedman_mse
  ccp_alpha: 0.0003488624646646145
  dropout_rate: 0.05990409922502957
  validation_fraction: 0.28259068625901174
  n_iter_no_change: 20
  tol: 0.00037964176852998754
  random_state: 42
  warm_start: false
  verbose: 0
preprocessing_config:
  eps: 1.0e-06
  min_speed: 0.01
  max_hours: 9999.0
