model_type: gbsa
model_params:
  loss: coxph
  n_estimators: 471
  learning_rate: 0.09936567113680055
  subsample: 0.7700565269258637
  max_depth: 4
  max_features: 0.3
  max_leaf_nodes: null
  min_samples_split: 9
  min_samples_leaf: 4
  min_weight_fraction_leaf: 0.0
  min_impurity_decrease: 0.029856326845291156
  criterion: friedman_mse
  ccp_alpha: 0.0001152482664824336
  dropout_rate: 0.0187020548253939
  validation_fraction: 0.21706654230001646
  n_iter_no_change: 20
  tol: 0.0008525554438524596
  random_state: 1024
  warm_start: false
  verbose: 0
seed: 1024
cv_n_splits: 5
cv_n_repeats: 10
preprocessing_config:
  eps: 1.0e-06
  min_speed: 0.01
  max_hours: 9999.0
