model_type: gbsa
model_params:
  loss: coxph
  n_estimators: 271
  learning_rate: 0.1727388964888962
  subsample: 0.7253143340929566
  max_depth: 5
  max_features: sqrt
  max_leaf_nodes: 8
  min_samples_split: 6
  min_samples_leaf: 19
  min_weight_fraction_leaf: 0.0
  min_impurity_decrease: 0.042103241712632626
  criterion: friedman_mse
  ccp_alpha: 3.2826499198186586e-05
  dropout_rate: 0.005419690916750429
  validation_fraction: 0.28413826757630156
  n_iter_no_change: null
  tol: 2.6075207836217004e-05
  random_state: 777
  warm_start: false
  verbose: 0
seed: 777
cv_n_splits: 5
cv_n_repeats: 10
preprocessing_config:
  eps: 1.0e-06
  min_speed: 0.01
  max_hours: 9999.0
