model_type: coxnet
model_params:
  l1_ratio: 0.9815592127969823
  alpha_min_ratio: 0.09854642535026288
  n_alphas: 236
  max_iter: 9611
  tol: 1.8145486622845868e-06
seed: 42
cv_n_splits: 5
cv_n_repeats: 10
preprocessing_config:
  eps: 1.0e-06
  min_speed: 0.01
  max_hours: 9999.0
