model_type: coxnet
model_params:
  l1_ratio: 0.8624296305090983
  alpha_min_ratio: 0.0308204935333018
  n_alphas: 212
  max_iter: 10805
  tol: 5.1108954678965824e-08
seed: 2023
cv_n_splits: 5
cv_n_repeats: 10
preprocessing_config:
  eps: 1.0e-06
  min_speed: 0.01
  max_hours: 9999.0
