model_type: coxnet
model_params:
  l1_ratio: 0.6954513868547546
  alpha_min_ratio: 0.09088188236508453
  n_alphas: 230
  max_iter: 327
  tol: 1.5711371384379225e-06
seed: 42
cv_n_splits: 5
cv_n_repeats: 10
preprocessing_config:
  eps: 1.0e-06
  min_speed: 0.01
  max_hours: 9999.0
