model_type: coxnet
model_params:
  l1_ratio: 0.9939289923230654
  alpha_min_ratio: 0.07861997685323702
  n_alphas: 86
  max_iter: 1466
  tol: 1.3702975250018858e-07
seed: 42
cv_n_splits: 5
cv_n_repeats: 10
preprocessing_config:
  eps: 1.0e-06
  min_speed: 0.01
  max_hours: 9999.0
