model_type: coxnet
model_params:
  l1_ratio: 0.9974773251180404
  alpha_min_ratio: 0.08557099074969372
  n_alphas: 230
  max_iter: 277
  tol: 4.15467583122089e-07
seed: 42
cv_n_splits: 5
cv_n_repeats: 10
preprocessing_config:
  eps: 1.0e-06
  min_speed: 0.01
  max_hours: 9999.0
