model_type: gbsa
model_params:
  loss: coxph
  n_estimators: 310
  learning_rate: 0.007849883268947776
  subsample: 0.8783701362182363
  max_depth: 2
  max_features: log2
  max_leaf_nodes: 31
  min_samples_split: 3
  min_samples_leaf: 16
  min_weight_fraction_leaf: 0.0
  min_impurity_decrease: 0.0258632521405059
  criterion: friedman_mse
  ccp_alpha: 8.008704506469209e-07
  dropout_rate: 0.000504571114214731
  validation_fraction: 0.21030484492229426
  n_iter_no_change: null
  tol: 6.844917950186841e-05
  random_state: 2023
  warm_start: false
  verbose: 0
seed: 2023
cv_n_splits: 5
cv_n_repeats: 10
preprocessing_config:
  eps: 1.0e-06
  min_speed: 0.01
  max_hours: 9999.0
