model_type: gbsa
model_params:
  loss: coxph
  n_estimators: 419
  learning_rate: 0.11404188907714681
  subsample: 0.5532713284513389
  max_depth: 4
  max_features: sqrt
  max_leaf_nodes: 8
  min_samples_split: 9
  min_samples_leaf: 7
  min_weight_fraction_leaf: 0.0
  min_impurity_decrease: 0.04868104140766855
  criterion: friedman_mse
  ccp_alpha: 5.287466519060109e-06
  dropout_rate: 0.14354645064336663
  validation_fraction: 0.288137825657584
  n_iter_no_change: null
  tol: 0.0006323170456960382
  random_state: 777
  warm_start: false
  verbose: 0
seed: 777
cv_n_splits: 5
cv_n_repeats: 10
preprocessing_config:
  eps: 1.0e-06
  min_speed: 0.01
  max_hours: 9999.0
