model_type: coxnet
model_params:
  l1_ratio: 0.13422841639199695
  alpha_min_ratio: 0.0012262746329316971
  n_alphas: 51
  max_iter: 10269
  tol: 1.6775614929616737e-06
seed: 777
cv_n_splits: 5
cv_n_repeats: 10
preprocessing_config:
  eps: 1.0e-06
  min_speed: 0.01
  max_hours: 9999.0
