model_type: coxnet
model_params:
  l1_ratio: 0.923984687042708
  alpha_min_ratio: 0.03625550986502961
  n_alphas: 202
  max_iter: 14092
  tol: 1.7576288999781355e-06
seed: 777
cv_n_splits: 5
cv_n_repeats: 10
preprocessing_config:
  eps: 1.0e-06
  min_speed: 0.01
  max_hours: 9999.0
