model_type: coxnet
model_params:
  l1_ratio: 0.9798032336628688
  alpha_min_ratio: 0.09295105842277988
  n_alphas: 143
  max_iter: 9791
  tol: 2.4409163356139027e-05
seed: 777
cv_n_splits: 5
cv_n_repeats: 10
preprocessing_config:
  eps: 1.0e-06
  min_speed: 0.01
  max_hours: 9999.0
