model_type: gbsa
model_params:
  loss: coxph
  n_estimators: 214
  learning_rate: 0.15106777190161466
  subsample: 0.8232934305821921
  max_depth: 5
  max_features: 1.0
  max_leaf_nodes: 63
  min_samples_split: 19
  min_samples_leaf: 6
  min_weight_fraction_leaf: 0.0
  min_impurity_decrease: 0.013737819398546217
  criterion: friedman_mse
  ccp_alpha: 3.0884296739374704e-08
  dropout_rate: 0.055419061361171626
  validation_fraction: 0.25174853596913765
  n_iter_no_change: null
  tol: 0.0037007825501737816
  random_state: 1024
  warm_start: false
  verbose: 0
seed: 1024
cv_n_splits: 5
cv_n_repeats: 10
preprocessing_config:
  eps: 1.0e-06
  min_speed: 0.01
  max_hours: 9999.0
