model_type: coxnet
model_params:
  l1_ratio: 0.9476106451574394
  alpha_min_ratio: 0.051963863324498684
  n_alphas: 177
  max_iter: 788
  tol: 8.925452533131278e-05
seed: 42
cv_n_splits: 5
cv_n_repeats: 10
preprocessing_config:
  eps: 1.0e-06
  min_speed: 0.01
  max_hours: 9999.0
