model_type: coxnet
model_params:
  l1_ratio: 0.9819958600792138
  alpha_min_ratio: 0.0118301574452807
  n_alphas: 261
  max_iter: 19836
  tol: 3.861551372554194e-05
seed: 1024
cv_n_splits: 5
cv_n_repeats: 10
preprocessing_config:
  eps: 1.0e-06
  min_speed: 0.01
  max_hours: 9999.0
