model_type: gbsa
model_params:
  loss: coxph
  n_estimators: 182
  learning_rate: 0.025566212073874967
  subsample: 0.9681609793702785
  max_depth: 6
  max_features: 1.0
  max_leaf_nodes: 63
  min_samples_split: 4
  min_samples_leaf: 9
  min_weight_fraction_leaf: 0.0
  min_impurity_decrease: 0.020229614510762692
  criterion: friedman_mse
  ccp_alpha: 0.09701292310860544
  dropout_rate: 0.13170722341137275
  validation_fraction: 0.2902210094868144
  n_iter_no_change: 5
  tol: 0.00022465658918086395
  random_state: 42
  warm_start: false
  verbose: 0
seed: 42
cv_n_splits: 5
cv_n_repeats: 10
preprocessing_config:
  eps: 1.0e-06
  min_speed: 0.01
  max_hours: 9999.0
