model_type: coxnet
model_params:
  l1_ratio: 0.9014985365802131
  alpha_min_ratio: 0.06462860914547322
  n_alphas: 231
  max_iter: 13958
  tol: 1.1882413294995658e-07
seed: 2023
cv_n_splits: 5
cv_n_repeats: 10
preprocessing_config:
  eps: 1.0e-06
  min_speed: 0.01
  max_hours: 9999.0
