model_type: coxnet
model_params:
  l1_ratio: 0.8770582629170766
  alpha_min_ratio: 0.06857762961288325
  n_alphas: 55
  max_iter: 14503
  tol: 5.0759364373234e-08
seed: 777
cv_n_splits: 5
cv_n_repeats: 10
preprocessing_config:
  eps: 1.0e-06
  min_speed: 0.01
  max_hours: 9999.0
