model_type: coxnet
model_params:
  l1_ratio: 0.9508679676115841
  alpha_min_ratio: 0.09168663197842848
  n_alphas: 72
  max_iter: 13471
  tol: 3.5862250450886655e-06
seed: 777
cv_n_splits: 5
cv_n_repeats: 10
preprocessing_config:
  eps: 1.0e-06
  min_speed: 0.01
  max_hours: 9999.0
