model_type: coxnet
model_params:
  l1_ratio: 0.7368025560151308
  alpha_min_ratio: 0.08607852235147549
  n_alphas: 58
  max_iter: 11414
  tol: 2.3928487524646563e-07
seed: 777
cv_n_splits: 5
cv_n_repeats: 10
preprocessing_config:
  eps: 1.0e-06
  min_speed: 0.01
  max_hours: 9999.0
