model_type: coxnet
model_params:
  l1_ratio: 0.6732398860040433
  alpha_min_ratio: 0.04018104417034101
  n_alphas: 148
  max_iter: 13067
  tol: 1.857588165983706e-05
seed: 1024
cv_n_splits: 5
cv_n_repeats: 10
preprocessing_config:
  eps: 1.0e-06
  min_speed: 0.01
  max_hours: 9999.0
