model_type: coxnet
model_params:
  l1_ratio: 0.9238163238720929
  alpha_min_ratio: 0.00047689697283181373
  n_alphas: 266
  max_iter: 465
  tol: 7.542057783992347e-06
seed: 42
cv_n_splits: 5
cv_n_repeats: 10
preprocessing_config:
  eps: 1.0e-06
  min_speed: 0.01
  max_hours: 9999.0
