model_type: coxnet
model_params:
  l1_ratio: 0.8142666353619257
  alpha_min_ratio: 0.025188216440178424
  n_alphas: 75
  max_iter: 3486
  tol: 8.88639310118086e-05
seed: 2023
cv_n_splits: 5
cv_n_repeats: 10
preprocessing_config:
  eps: 1.0e-06
  min_speed: 0.01
  max_hours: 9999.0
