model_type: gbsa
model_params:
  loss: coxph
  n_estimators: 293
  learning_rate: 0.024618737566757073
  subsample: 0.8046534116068341
  max_depth: 2
  max_features: 0.3
  max_leaf_nodes: null
  min_samples_split: 13
  min_samples_leaf: 16
  min_weight_fraction_leaf: 0.0
  min_impurity_decrease: 0.028972252960458224
  criterion: friedman_mse
  ccp_alpha: 3.0314432800655274e-08
  dropout_rate: 0.06546720182193819
  validation_fraction: 0.2999623969707545
  n_iter_no_change: null
  tol: 3.574421688384533e-05
  random_state: 2023
  warm_start: false
  verbose: 0
seed: 2023
cv_n_splits: 5
cv_n_repeats: 10
preprocessing_config:
  eps: 1.0e-06
  min_speed: 0.01
  max_hours: 9999.0
