model_type: coxnet
model_params:
  l1_ratio: 0.8396237217668006
  alpha_min_ratio: 0.016767215664718615
  n_alphas: 220
  max_iter: 9909
  tol: 2.7964899184271694e-08
seed: 2023
cv_n_splits: 5
cv_n_repeats: 10
preprocessing_config:
  eps: 1.0e-06
  min_speed: 0.01
  max_hours: 9999.0
