model_type: coxnet
model_params:
  l1_ratio: 0.9026839404237389
  alpha_min_ratio: 0.051321474106799596
  n_alphas: 226
  max_iter: 1678
  tol: 5.412057156304414e-07
seed: 42
cv_n_splits: 5
cv_n_repeats: 10
preprocessing_config:
  eps: 1.0e-06
  min_speed: 0.01
  max_hours: 9999.0
