model_type: coxnet
model_params:
  l1_ratio: 0.03546867519928759
  alpha_min_ratio: 0.006917646414098099
  n_alphas: 267
  max_iter: 11526
  tol: 3.39112120573205e-08
seed: 1024
cv_n_splits: 5
cv_n_repeats: 10
preprocessing_config:
  eps: 1.0e-06
  min_speed: 0.01
  max_hours: 9999.0
