model_type: coxnet
model_params:
  l1_ratio: 0.9899388346618929
  alpha_min_ratio: 0.029424882514212537
  n_alphas: 244
  max_iter: 16879
  tol: 3.0222721443794166e-06
seed: 42
cv_n_splits: 5
cv_n_repeats: 10
preprocessing_config:
  eps: 1.0e-06
  min_speed: 0.01
  max_hours: 9999.0
