model_type: coxnet
model_params:
  l1_ratio: 0.7511959269676635
  alpha_min_ratio: 0.0002167124356389003
  n_alphas: 184
  max_iter: 18122
  tol: 5.389997772648641e-07
seed: 42
cv_n_splits: 5
cv_n_repeats: 10
preprocessing_config:
  eps: 1.0e-06
  min_speed: 0.01
  max_hours: 9999.0
