model_type: coxnet
model_params:
  l1_ratio: 0.9787188575267904
  alpha_min_ratio: 0.017511350962845704
  n_alphas: 121
  max_iter: 14163
  tol: 9.9451606154636e-08
seed: 1024
cv_n_splits: 5
cv_n_repeats: 10
preprocessing_config:
  eps: 1.0e-06
  min_speed: 0.01
  max_hours: 9999.0
