model_type: gbsa
model_params:
  loss: coxph
  n_estimators: 470
  learning_rate: 0.14885988020978583
  subsample: 0.5234308829414891
  max_depth: 4
  max_features: 0.3
  max_leaf_nodes: 8
  min_samples_split: 10
  min_samples_leaf: 2
  min_weight_fraction_leaf: 0.0
  min_impurity_decrease: 0.032345102587912344
  criterion: friedman_mse
  ccp_alpha: 8.833443223134962e-06
  dropout_rate: 0.011568969030633557
  validation_fraction: 0.2779931178614976
  n_iter_no_change: 5
  tol: 0.0008362813045208042
  random_state: 777
  warm_start: false
  verbose: 0
seed: 777
cv_n_splits: 5
cv_n_repeats: 10
preprocessing_config:
  eps: 1.0e-06
  min_speed: 0.01
  max_hours: 9999.0
