model_type: coxnet
model_params:
  l1_ratio: 0.8774843178153912
  alpha_min_ratio: 0.03811512223781392
  n_alphas: 151
  max_iter: 10360
  tol: 7.743708734608867e-08
seed: 1024
cv_n_splits: 5
cv_n_repeats: 10
preprocessing_config:
  eps: 1.0e-06
  min_speed: 0.01
  max_hours: 9999.0
