model_type: coxnet
model_params:
  l1_ratio: 0.852719989020909
  alpha_min_ratio: 0.09164788005244869
  n_alphas: 251
  max_iter: 10966
  tol: 1.8765402103960685e-07
seed: 2023
cv_n_splits: 5
cv_n_repeats: 10
preprocessing_config:
  eps: 1.0e-06
  min_speed: 0.01
  max_hours: 9999.0
