model_type: gbsa
model_params:
  loss: coxph
  n_estimators: 315
  learning_rate: 0.1144392451521371
  subsample: 0.7385184654738396
  max_depth: 5
  max_features: sqrt
  max_leaf_nodes: 31
  min_samples_split: 9
  min_samples_leaf: 16
  min_weight_fraction_leaf: 0.0
  min_impurity_decrease: 0.03444893707637235
  criterion: friedman_mse
  ccp_alpha: 0.07176036163286438
  dropout_rate: 0.10440725596043393
  validation_fraction: 0.2349295178792063
  n_iter_no_change: 5
  tol: 1.0533953644703984e-05
  random_state: 42
  warm_start: false
  verbose: 0
seed: 42
cv_n_splits: 5
cv_n_repeats: 10
preprocessing_config:
  eps: 1.0e-06
  min_speed: 0.01
  max_hours: 9999.0
