model_type: gbsa
model_params:
  loss: coxph
  n_estimators: 291
  learning_rate: 0.08438770719164998
  subsample: 0.842301682886989
  max_depth: 4
  max_features: null
  max_leaf_nodes: 63
  min_samples_split: 20
  min_samples_leaf: 6
  min_weight_fraction_leaf: 0.0
  min_impurity_decrease: 0.04803004895947458
  criterion: friedman_mse
  ccp_alpha: 0.005286062464666994
  dropout_rate: 0.12014283394516186
  validation_fraction: 0.28580052020292995
  n_iter_no_change: null
  tol: 0.00042644479561183097
  random_state: 1024
  warm_start: false
  verbose: 0
seed: 1024
cv_n_splits: 5
cv_n_repeats: 10
preprocessing_config:
  eps: 1.0e-06
  min_speed: 0.01
  max_hours: 9999.0
