model_type: gbsa
model_params:
  loss: coxph
  n_estimators: 336
  learning_rate: 0.027503030426307064
  subsample: 0.6859585403197392
  max_depth: 2
  max_features: log2
  max_leaf_nodes: 31
  min_samples_split: 17
  min_samples_leaf: 18
  min_weight_fraction_leaf: 0.0
  min_impurity_decrease: 0.02629110708213476
  criterion: friedman_mse
  ccp_alpha: 1.1858123790018363e-08
  dropout_rate: 0.03244529604834639
  validation_fraction: 0.1292384208480538
  n_iter_no_change: null
  tol: 1.8873182375775882e-05
  random_state: 2023
  warm_start: false
  verbose: 0
seed: 2023
cv_n_splits: 5
cv_n_repeats: 10
preprocessing_config:
  eps: 1.0e-06
  min_speed: 0.01
  max_hours: 9999.0
