model_type: coxnet
model_params:
  l1_ratio: 0.5569517000126479
  alpha_min_ratio: 0.01635353484154155
  n_alphas: 141
  max_iter: 1945
  tol: 1.0941708562237459e-08
seed: 42
cv_n_splits: 5
cv_n_repeats: 10
preprocessing_config:
  eps: 1.0e-06
  min_speed: 0.01
  max_hours: 9999.0
