model_type: gbsa
model_params:
  loss: coxph
  n_estimators: 393
  learning_rate: 0.09839241157498017
  subsample: 0.5131050876195347
  max_depth: 6
  max_features: 0.5
  max_leaf_nodes: 16
  min_samples_split: 9
  min_samples_leaf: 20
  min_weight_fraction_leaf: 0.0
  min_impurity_decrease: 0.020852848434572357
  criterion: friedman_mse
  ccp_alpha: 3.87324993366415e-05
  dropout_rate: 0.009048036476286863
  validation_fraction: 0.11039022857112357
  n_iter_no_change: null
  tol: 0.0012084002641625621
  random_state: 2023
  warm_start: false
  verbose: 0
seed: 2023
cv_n_splits: 5
cv_n_repeats: 10
preprocessing_config:
  eps: 1.0e-06
  min_speed: 0.01
  max_hours: 9999.0
