model_type: gbsa
model_params:
  loss: coxph
  n_estimators: 174
  learning_rate: 0.11645784353180774
  subsample: 0.623001659788021
  max_depth: 2
  max_features: log2
  max_leaf_nodes: 16
  min_samples_split: 10
  min_samples_leaf: 16
  min_weight_fraction_leaf: 0.0
  min_impurity_decrease: 0.02412798497430529
  criterion: friedman_mse
  ccp_alpha: 0.000708915875424895
  dropout_rate: 0.008619818567938463
  validation_fraction: 0.1339486320999703
  n_iter_no_change: 20
  tol: 0.0005653264998480927
  random_state: 777
  warm_start: false
  verbose: 0
seed: 777
cv_n_splits: 5
cv_n_repeats: 10
preprocessing_config:
  eps: 1.0e-06
  min_speed: 0.01
  max_hours: 9999.0
