model_type: coxnet
model_params:
  l1_ratio: 0.9862190564138887
  alpha_min_ratio: 0.0381900313676095
  n_alphas: 298
  max_iter: 18468
  tol: 3.0946254786960916e-05
seed: 42
cv_n_splits: 5
cv_n_repeats: 10
preprocessing_config:
  eps: 1.0e-06
  min_speed: 0.01
  max_hours: 9999.0
