model_type: coxnet
model_params:
  l1_ratio: 0.8571959421481157
  alpha_min_ratio: 0.018709070729971827
  n_alphas: 188
  max_iter: 17846
  tol: 5.539858256201872e-07
seed: 777
cv_n_splits: 5
cv_n_repeats: 10
preprocessing_config:
  eps: 1.0e-06
  min_speed: 0.01
  max_hours: 9999.0
