model_type: coxnet
model_params:
  l1_ratio: 0.992537843729424
  alpha_min_ratio: 0.0598910332559004
  n_alphas: 121
  max_iter: 10795
  tol: 1.2414733591066294e-07
seed: 777
cv_n_splits: 5
cv_n_repeats: 10
preprocessing_config:
  eps: 1.0e-06
  min_speed: 0.01
  max_hours: 9999.0
