seed: 42
cv_n_splits: 5
cv_n_repeats: 10
gbsa_config:
  loss: coxph
  n_estimators: 379
  learning_rate: 0.05333284532230723
  subsample: 0.6151809941331862
  max_depth: 6
  max_features: sqrt
  max_leaf_nodes: 31
  min_samples_split: 8
  min_samples_leaf: 16
  min_weight_fraction_leaf: 0.0
  min_impurity_decrease: 0.007697331394383439
  criterion: friedman_mse
  ccp_alpha: 0.0003104688306775727
  dropout_rate: 0.03133324176167672
  validation_fraction: 0.17470682104380983
  n_iter_no_change: 20
  tol: 0.00030294451812701864
  random_state: 42
  warm_start: false
  verbose: 0
preprocessing_config:
  eps: 1.0e-06
  min_speed: 0.01
  max_hours: 9999.0
