model_type: coxnet
model_params:
  l1_ratio: 0.9550124603653736
  alpha_min_ratio: 0.06402234171724172
  n_alphas: 272
  max_iter: 13760
  tol: 4.7807276431456784e-05
seed: 1024
cv_n_splits: 5
cv_n_repeats: 10
preprocessing_config:
  eps: 1.0e-06
  min_speed: 0.01
  max_hours: 9999.0
