model_type: coxnet
model_params:
  l1_ratio: 0.8987272975538976
  alpha_min_ratio: 0.0935930052382559
  n_alphas: 257
  max_iter: 17830
  tol: 1.273850297001596e-05
seed: 2023
cv_n_splits: 5
cv_n_repeats: 10
preprocessing_config:
  eps: 1.0e-06
  min_speed: 0.01
  max_hours: 9999.0
