model_type: coxnet
model_params:
  l1_ratio: 0.9300412783335523
  alpha_min_ratio: 0.09518394576667055
  n_alphas: 291
  max_iter: 864
  tol: 8.307459648808764e-05
seed: 42
cv_n_splits: 5
cv_n_repeats: 10
preprocessing_config:
  eps: 1.0e-06
  min_speed: 0.01
  max_hours: 9999.0
