model_type: coxnet
model_params:
  l1_ratio: 0.9953867826220479
  alpha_min_ratio: 0.04351682929667487
  n_alphas: 254
  max_iter: 17460
  tol: 9.261574669411123e-06
seed: 42
cv_n_splits: 5
cv_n_repeats: 10
preprocessing_config:
  eps: 1.0e-06
  min_speed: 0.01
  max_hours: 9999.0
