model_type: gbsa
model_params:
  loss: coxph
  n_estimators: 474
  learning_rate: 0.06569495998236287
  subsample: 0.5625525621126177
  max_depth: 3
  max_features: 0.5
  max_leaf_nodes: null
  min_samples_split: 15
  min_samples_leaf: 20
  min_weight_fraction_leaf: 0.0
  min_impurity_decrease: 0.001219607755664234
  criterion: friedman_mse
  ccp_alpha: 0.000910328751528395
  dropout_rate: 0.06853814380887224
  validation_fraction: 0.16567428819219748
  n_iter_no_change: null
  tol: 0.004039012468366045
  random_state: 2023
  warm_start: false
  verbose: 0
seed: 2023
cv_n_splits: 5
cv_n_repeats: 10
preprocessing_config:
  eps: 1.0e-06
  min_speed: 0.01
  max_hours: 9999.0
