model_type: coxnet
model_params:
  l1_ratio: 0.4301264487152518
  alpha_min_ratio: 0.004639578113147633
  n_alphas: 280
  max_iter: 16371
  tol: 2.76831607388804e-06
seed: 777
cv_n_splits: 5
cv_n_repeats: 10
preprocessing_config:
  eps: 1.0e-06
  min_speed: 0.01
  max_hours: 9999.0
