model_type: coxnet
model_params:
  l1_ratio: 0.895183317309353
  alpha_min_ratio: 0.037996830417597716
  n_alphas: 120
  max_iter: 1866
  tol: 7.911942933042778e-08
seed: 42
cv_n_splits: 5
cv_n_repeats: 10
preprocessing_config:
  eps: 1.0e-06
  min_speed: 0.01
  max_hours: 9999.0
