seed: 42
cv_n_splits: 5
cv_n_repeats: 10
gbsa_config:
  loss: coxph
  n_estimators: 391
  learning_rate: 0.19865997541103422
  subsample: 0.6454444811354203
  max_depth: 4
  max_features: sqrt
  max_leaf_nodes: null
  min_samples_split: 5
  min_samples_leaf: 12
  min_weight_fraction_leaf: 0.0
  min_impurity_decrease: 0.03242912646907725
  criterion: friedman_mse
  ccp_alpha: 0.011815903562143487
  dropout_rate: 0.0502608854348604
  validation_fraction: 0.13862875218127685
  n_iter_no_change: null
  tol: 0.00013020907649094872
  random_state: 42
  warm_start: false
  verbose: 0
preprocessing_config:
  eps: 1.0e-06
  min_speed: 0.01
  max_hours: 9999.0
