model_type: gbsa
model_params:
  loss: coxph
  n_estimators: 425
  learning_rate: 0.09800761918131987
  subsample: 0.5318163901688588
  max_depth: 6
  max_features: null
  max_leaf_nodes: 31
  min_samples_split: 5
  min_samples_leaf: 17
  min_weight_fraction_leaf: 0.0
  min_impurity_decrease: 0.039341409504547946
  criterion: friedman_mse
  ccp_alpha: 1.4304519655323448e-06
  dropout_rate: 0.05266299426659688
  validation_fraction: 0.12543317890037542
  n_iter_no_change: null
  tol: 0.002607309885243733
  random_state: 2023
  warm_start: false
  verbose: 0
seed: 2023
cv_n_splits: 5
cv_n_repeats: 10
preprocessing_config:
  eps: 1.0e-06
  min_speed: 0.01
  max_hours: 9999.0
