model_type: coxnet
model_params:
  l1_ratio: 0.8957292282672806
  alpha_min_ratio: 0.0005691136210249387
  n_alphas: 171
  max_iter: 6562
  tol: 7.42684816828895e-05
seed: 2023
cv_n_splits: 5
cv_n_repeats: 10
preprocessing_config:
  eps: 1.0e-06
  min_speed: 0.01
  max_hours: 9999.0
