model_type: coxnet
model_params:
  l1_ratio: 0.8518056790939799
  alpha_min_ratio: 0.03158290872004324
  n_alphas: 79
  max_iter: 17191
  tol: 3.668800349594297e-07
seed: 2023
cv_n_splits: 5
cv_n_repeats: 10
preprocessing_config:
  eps: 1.0e-06
  min_speed: 0.01
  max_hours: 9999.0
