model_type: coxnet
model_params:
  l1_ratio: 0.8971923980142932
  alpha_min_ratio: 0.07288334604347946
  n_alphas: 267
  max_iter: 19054
  tol: 2.621358143727131e-05
seed: 42
cv_n_splits: 5
cv_n_repeats: 10
preprocessing_config:
  eps: 1.0e-06
  min_speed: 0.01
  max_hours: 9999.0
