model_type: coxnet
model_params:
  l1_ratio: 0.9012540739495561
  alpha_min_ratio: 0.08714479407726633
  n_alphas: 272
  max_iter: 12494
  tol: 8.059946125716279e-05
seed: 1024
cv_n_splits: 5
cv_n_repeats: 10
preprocessing_config:
  eps: 1.0e-06
  min_speed: 0.01
  max_hours: 9999.0
