model_type: coxnet
model_params:
  l1_ratio: 0.06577648534264535
  alpha_min_ratio: 0.005555694854467305
  n_alphas: 59
  max_iter: 10684
  tol: 1.155988731051268e-08
seed: 1024
cv_n_splits: 5
cv_n_repeats: 10
preprocessing_config:
  eps: 1.0e-06
  min_speed: 0.01
  max_hours: 9999.0
