model_type: gbsa
model_params:
  loss: coxph
  n_estimators: 169
  learning_rate: 0.0232226262962261
  subsample: 0.8539925493839865
  max_depth: 4
  max_features: log2
  max_leaf_nodes: 16
  min_samples_split: 2
  min_samples_leaf: 5
  min_weight_fraction_leaf: 0.0
  min_impurity_decrease: 0.03964365368689252
  criterion: friedman_mse
  ccp_alpha: 2.1686064694203816e-05
  dropout_rate: 0.09546138477991774
  validation_fraction: 0.28355680197813105
  n_iter_no_change: null
  tol: 2.402382406271313e-05
  random_state: 42
  warm_start: false
  verbose: 0
seed: 42
cv_n_splits: 5
cv_n_repeats: 10
preprocessing_config:
  eps: 1.0e-06
  min_speed: 0.01
  max_hours: 9999.0
