model_type: coxnet
model_params:
  l1_ratio: 0.8406787867150807
  alpha_min_ratio: 0.07365633482368249
  n_alphas: 108
  max_iter: 14341
  tol: 6.352702009716862e-05
seed: 2023
cv_n_splits: 5
cv_n_repeats: 10
preprocessing_config:
  eps: 1.0e-06
  min_speed: 0.01
  max_hours: 9999.0
