model_type: coxnet
model_params:
  l1_ratio: 0.9794198073905321
  alpha_min_ratio: 0.0654575373668681
  n_alphas: 72
  max_iter: 12303
  tol: 4.901483055548744e-06
seed: 777
cv_n_splits: 5
cv_n_repeats: 10
preprocessing_config:
  eps: 1.0e-06
  min_speed: 0.01
  max_hours: 9999.0
