model_type: gbsa
model_params:
  loss: coxph
  n_estimators: 310
  learning_rate: 0.08810615917666562
  subsample: 0.7050487144580805
  max_depth: 5
  max_features: 0.3
  max_leaf_nodes: 16
  min_samples_split: 15
  min_samples_leaf: 2
  min_weight_fraction_leaf: 0.0
  min_impurity_decrease: 0.04802710575605362
  criterion: friedman_mse
  ccp_alpha: 5.0917707044801966e-05
  dropout_rate: 0.06670603017987602
  validation_fraction: 0.16002772655263536
  n_iter_no_change: null
  tol: 1.0715132680666225e-05
  random_state: 777
  warm_start: false
  verbose: 0
seed: 777
cv_n_splits: 5
cv_n_repeats: 10
preprocessing_config:
  eps: 1.0e-06
  min_speed: 0.01
  max_hours: 9999.0
