model_type: coxnet
model_params:
  l1_ratio: 0.9529183265217189
  alpha_min_ratio: 0.043875993081355764
  n_alphas: 257
  max_iter: 14072
  tol: 3.7317304523698524e-07
seed: 42
cv_n_splits: 5
cv_n_repeats: 10
preprocessing_config:
  eps: 1.0e-06
  min_speed: 0.01
  max_hours: 9999.0
