model_type: coxnet
model_params:
  l1_ratio: 0.9498094966387578
  alpha_min_ratio: 0.0412177832233837
  n_alphas: 237
  max_iter: 1397
  tol: 1.888028409223287e-05
seed: 42
cv_n_splits: 5
cv_n_repeats: 10
preprocessing_config:
  eps: 1.0e-06
  min_speed: 0.01
  max_hours: 9999.0
