model_type: gbsa
model_params:
  loss: coxph
  n_estimators: 415
  learning_rate: 0.1119481767772962
  subsample: 0.7029539247889857
  max_depth: 2
  max_features: null
  max_leaf_nodes: 8
  min_samples_split: 18
  min_samples_leaf: 16
  min_weight_fraction_leaf: 0.0
  min_impurity_decrease: 0.019735274348949467
  criterion: friedman_mse
  ccp_alpha: 0.0006471614532988846
  dropout_rate: 0.08999770668876614
  validation_fraction: 0.2383472315981742
  n_iter_no_change: null
  tol: 0.0011288283842857162
  random_state: 2023
  warm_start: false
  verbose: 0
seed: 2023
cv_n_splits: 5
cv_n_repeats: 10
preprocessing_config:
  eps: 1.0e-06
  min_speed: 0.01
  max_hours: 9999.0
