model_type: gbsa
model_params:
  loss: coxph
  n_estimators: 486
  learning_rate: 0.06952716673092631
  subsample: 0.745684224499766
  max_depth: 2
  max_features: log2
  max_leaf_nodes: 31
  min_samples_split: 15
  min_samples_leaf: 14
  min_weight_fraction_leaf: 0.0
  min_impurity_decrease: 0.000804131086271349
  criterion: friedman_mse
  ccp_alpha: 7.138944588362219e-06
  dropout_rate: 0.0724223329465383
  validation_fraction: 0.23682176726627238
  n_iter_no_change: null
  tol: 9.006205623549573e-05
  random_state: 2023
  warm_start: false
  verbose: 0
seed: 2023
cv_n_splits: 5
cv_n_repeats: 10
preprocessing_config:
  eps: 1.0e-06
  min_speed: 0.01
  max_hours: 9999.0
