seed: 42
cv_n_splits: 5
cv_n_repeats: 10
gbsa_config:
  loss: coxph
  n_estimators: 342
  learning_rate: 0.06262726576069208
  subsample: 0.958316744469735
  max_depth: 3
  max_features: log2
  max_leaf_nodes: null
  min_samples_split: 3
  min_samples_leaf: 17
  min_weight_fraction_leaf: 0.0
  min_impurity_decrease: 0.012578366980918017
  criterion: friedman_mse
  ccp_alpha: 0.0009333986266319345
  dropout_rate: 0.0803658907347136
  validation_fraction: 0.13863349374152845
  n_iter_no_change: 10
  tol: 0.0007059491256982142
  random_state: 42
  warm_start: false
  verbose: 0
preprocessing_config:
  eps: 1.0e-06
  min_speed: 0.01
  max_hours: 9999.0
