model_type: coxnet
model_params:
  l1_ratio: 0.714748875971921
  alpha_min_ratio: 0.02586044979839632
  n_alphas: 224
  max_iter: 17543
  tol: 2.605717864899294e-06
seed: 777
cv_n_splits: 5
cv_n_repeats: 10
preprocessing_config:
  eps: 1.0e-06
  min_speed: 0.01
  max_hours: 9999.0
