model_type: coxnet
model_params:
  l1_ratio: 0.9872580189566761
  alpha_min_ratio: 0.017962747876225555
  n_alphas: 237
  max_iter: 18119
  tol: 2.1590780849774256e-05
seed: 42
cv_n_splits: 5
cv_n_repeats: 10
preprocessing_config:
  eps: 1.0e-06
  min_speed: 0.01
  max_hours: 9999.0
