model_type: gbsa
model_params:
  loss: coxph
  n_estimators: 298
  learning_rate: 0.03517882979167391
  subsample: 0.6202168005892422
  max_depth: 6
  max_features: 1.0
  max_leaf_nodes: null
  min_samples_split: 18
  min_samples_leaf: 8
  min_weight_fraction_leaf: 0.0
  min_impurity_decrease: 0.04506474045012373
  criterion: friedman_mse
  ccp_alpha: 0.0002934355325616803
  dropout_rate: 0.02439969747463175
  validation_fraction: 0.18604441466909133
  n_iter_no_change: 20
  tol: 0.00793138810094127
  random_state: 1024
  warm_start: false
  verbose: 0
seed: 1024
cv_n_splits: 5
cv_n_repeats: 10
preprocessing_config:
  eps: 1.0e-06
  min_speed: 0.01
  max_hours: 9999.0
