model_type: coxnet
model_params:
  l1_ratio: 0.9402954147032916
  alpha_min_ratio: 0.08767475346910879
  n_alphas: 289
  max_iter: 18081
  tol: 1.7838766130315077e-05
seed: 1024
cv_n_splits: 5
cv_n_repeats: 10
preprocessing_config:
  eps: 1.0e-06
  min_speed: 0.01
  max_hours: 9999.0
