model_type: gbsa
model_params:
  loss: coxph
  n_estimators: 369
  learning_rate: 0.12856438439764173
  subsample: 0.9756027319720992
  max_depth: 3
  max_features: sqrt
  max_leaf_nodes: 63
  min_samples_split: 20
  min_samples_leaf: 1
  min_weight_fraction_leaf: 0.0
  min_impurity_decrease: 0.03818465298752793
  criterion: friedman_mse
  ccp_alpha: 0.0002255850206709546
  dropout_rate: 0.11626198260151852
  validation_fraction: 0.29443787520543063
  n_iter_no_change: null
  tol: 0.004648693989815776
  random_state: 1024
  warm_start: false
  verbose: 0
seed: 1024
cv_n_splits: 5
cv_n_repeats: 10
preprocessing_config:
  eps: 1.0e-06
  min_speed: 0.01
  max_hours: 9999.0
