model_type: coxnet
model_params:
  l1_ratio: 0.18588295464194077
  alpha_min_ratio: 0.003880768698115378
  n_alphas: 262
  max_iter: 15354
  tol: 1.7987080581558237e-08
seed: 777
cv_n_splits: 5
cv_n_repeats: 10
preprocessing_config:
  eps: 1.0e-06
  min_speed: 0.01
  max_hours: 9999.0
