model_type: coxnet
model_params:
  l1_ratio: 0.5578226657220611
  alpha_min_ratio: 0.00972264012194856
  n_alphas: 99
  max_iter: 5562
  tol: 8.846156843455905e-06
seed: 777
cv_n_splits: 5
cv_n_repeats: 10
preprocessing_config:
  eps: 1.0e-06
  min_speed: 0.01
  max_hours: 9999.0
