model_type: coxnet
model_params:
  l1_ratio: 0.15599452033620265
  alpha_min_ratio: 0.00014936568554617635
  n_alphas: 267
  max_iter: 12421
  tol: 6.7965780907581515e-06
seed: 42
cv_n_splits: 5
cv_n_repeats: 10
preprocessing_config:
  eps: 1.0e-06
  min_speed: 0.01
  max_hours: 9999.0
