seed: 42
cv_n_splits: 5
cv_n_repeats: 10
gbsa_config:
  loss: coxph
  n_estimators: 478
  learning_rate: 0.04130691992671123
  subsample: 0.5848902326210397
  max_depth: 6
  max_features: sqrt
  max_leaf_nodes: 31
  min_samples_split: 6
  min_samples_leaf: 9
  min_weight_fraction_leaf: 0.0
  min_impurity_decrease: 0.017507410147755992
  criterion: friedman_mse
  ccp_alpha: 0.0015891318854397243
  dropout_rate: 0.009177401824747097
  validation_fraction: 0.1942381031215791
  n_iter_no_change: null
  tol: 0.0005784950023885034
  random_state: 42
  warm_start: false
  verbose: 0
preprocessing_config:
  eps: 1.0e-06
  min_speed: 0.01
  max_hours: 9999.0
