model_type: coxnet
model_params:
  l1_ratio: 0.5433712724858312
  alpha_min_ratio: 0.06526726223125832
  n_alphas: 100
  max_iter: 7994
  tol: 2.19220088672961e-08
seed: 777
cv_n_splits: 5
cv_n_repeats: 10
preprocessing_config:
  eps: 1.0e-06
  min_speed: 0.01
  max_hours: 9999.0
