model_type: coxnet
model_params:
  l1_ratio: 0.9830582713499251
  alpha_min_ratio: 0.09086826191403494
  n_alphas: 132
  max_iter: 15172
  tol: 9.825567830089051e-05
seed: 777
cv_n_splits: 5
cv_n_repeats: 10
preprocessing_config:
  eps: 1.0e-06
  min_speed: 0.01
  max_hours: 9999.0
