model_type: gbsa
model_params:
  loss: coxph
  n_estimators: 407
  learning_rate: 0.15106110691461616
  subsample: 0.6063398524038264
  max_depth: 6
  max_features: 1.0
  max_leaf_nodes: 8
  min_samples_split: 10
  min_samples_leaf: 13
  min_weight_fraction_leaf: 0.0
  min_impurity_decrease: 0.022326636006761658
  criterion: friedman_mse
  ccp_alpha: 8.019694362515903e-07
  dropout_rate: 0.04409894442034022
  validation_fraction: 0.28223410596185244
  n_iter_no_change: null
  tol: 6.613189871690997e-05
  random_state: 777
  warm_start: false
  verbose: 0
seed: 777
cv_n_splits: 5
cv_n_repeats: 10
preprocessing_config:
  eps: 1.0e-06
  min_speed: 0.01
  max_hours: 9999.0
