model_type: coxnet
model_params:
  l1_ratio: 0.9305752442249337
  alpha_min_ratio: 0.0366475709511141
  n_alphas: 262
  max_iter: 19482
  tol: 8.011010538860963e-07
seed: 2023
cv_n_splits: 5
cv_n_repeats: 10
preprocessing_config:
  eps: 1.0e-06
  min_speed: 0.01
  max_hours: 9999.0
