model_type: coxnet
model_params:
  l1_ratio: 0.9590269850079158
  alpha_min_ratio: 0.08373812858768623
  n_alphas: 234
  max_iter: 18475
  tol: 1.0497416091425473e-05
seed: 1024
cv_n_splits: 5
cv_n_repeats: 10
preprocessing_config:
  eps: 1.0e-06
  min_speed: 0.01
  max_hours: 9999.0
