model_type: coxnet
model_params:
  l1_ratio: 0.8824572025607427
  alpha_min_ratio: 0.03777106109886104
  n_alphas: 71
  max_iter: 6963
  tol: 2.239905631852622e-05
seed: 777
cv_n_splits: 5
cv_n_repeats: 10
preprocessing_config:
  eps: 1.0e-06
  min_speed: 0.01
  max_hours: 9999.0
