model_type: gbsa
model_params:
  loss: coxph
  n_estimators: 377
  learning_rate: 0.09929769643022363
  subsample: 0.7706190276879994
  max_depth: 5
  max_features: 0.3
  max_leaf_nodes: 63
  min_samples_split: 6
  min_samples_leaf: 18
  min_weight_fraction_leaf: 0.0
  min_impurity_decrease: 0.018310223205652013
  criterion: friedman_mse
  ccp_alpha: 2.069587488427966e-06
  dropout_rate: 0.0057361160610502355
  validation_fraction: 0.19087720926345286
  n_iter_no_change: null
  tol: 0.0007099826034388123
  random_state: 2023
  warm_start: false
  verbose: 0
seed: 2023
cv_n_splits: 5
cv_n_repeats: 10
preprocessing_config:
  eps: 1.0e-06
  min_speed: 0.01
  max_hours: 9999.0
