model_type: coxnet
model_params:
  l1_ratio: 0.9653088806421809
  alpha_min_ratio: 0.07447112262308864
  n_alphas: 54
  max_iter: 9777
  tol: 4.631150567587307e-05
seed: 777
cv_n_splits: 5
cv_n_repeats: 10
preprocessing_config:
  eps: 1.0e-06
  min_speed: 0.01
  max_hours: 9999.0
