model_type: gbsa
model_params:
  loss: coxph
  n_estimators: 306
  learning_rate: 0.08166788121715567
  subsample: 0.5321953481207862
  max_depth: 3
  max_features: 1.0
  max_leaf_nodes: 16
  min_samples_split: 17
  min_samples_leaf: 11
  min_weight_fraction_leaf: 0.0
  min_impurity_decrease: 0.026921367003647678
  criterion: friedman_mse
  ccp_alpha: 0.01486778927251766
  dropout_rate: 0.14836912475274178
  validation_fraction: 0.11740137738994452
  n_iter_no_change: 20
  tol: 0.004815834999618675
  random_state: 2023
  warm_start: false
  verbose: 0
seed: 2023
cv_n_splits: 5
cv_n_repeats: 10
preprocessing_config:
  eps: 1.0e-06
  min_speed: 0.01
  max_hours: 9999.0
