model_type: coxnet
model_params:
  l1_ratio: 0.7543691368563505
  alpha_min_ratio: 0.09286627845568445
  n_alphas: 292
  max_iter: 1876
  tol: 6.722057088535076e-06
seed: 42
cv_n_splits: 5
cv_n_repeats: 10
preprocessing_config:
  eps: 1.0e-06
  min_speed: 0.01
  max_hours: 9999.0
