model_type: gbsa
model_params:
  loss: coxph
  n_estimators: 331
  learning_rate: 0.09836094729118022
  subsample: 0.515156131919818
  max_depth: 2
  max_features: 0.5
  max_leaf_nodes: 8
  min_samples_split: 16
  min_samples_leaf: 3
  min_weight_fraction_leaf: 0.0
  min_impurity_decrease: 0.047491837952940846
  criterion: friedman_mse
  ccp_alpha: 0.0006845074374560794
  dropout_rate: 0.08259013285114401
  validation_fraction: 0.16081583951399053
  n_iter_no_change: 5
  tol: 1.5106073737220096e-05
  random_state: 777
  warm_start: false
  verbose: 0
seed: 777
cv_n_splits: 5
cv_n_repeats: 10
preprocessing_config:
  eps: 1.0e-06
  min_speed: 0.01
  max_hours: 9999.0
