model_type: gbsa
model_params:
  loss: coxph
  n_estimators: 253
  learning_rate: 0.11209036033707624
  subsample: 0.7419014478239038
  max_depth: 6
  max_features: sqrt
  max_leaf_nodes: 8
  min_samples_split: 9
  min_samples_leaf: 16
  min_weight_fraction_leaf: 0.0
  min_impurity_decrease: 0.04485775802986123
  criterion: friedman_mse
  ccp_alpha: 0.00010912771469766368
  dropout_rate: 0.003565513337838562
  validation_fraction: 0.1573451074388503
  n_iter_no_change: null
  tol: 3.761991601527462e-05
  random_state: 42
  warm_start: false
  verbose: 0
seed: 42
cv_n_splits: 5
cv_n_repeats: 10
preprocessing_config:
  eps: 1.0e-06
  min_speed: 0.01
  max_hours: 9999.0
