seed: 42
cv_n_splits: 5
cv_n_repeats: 10
gbsa_config:
  loss: coxph
  n_estimators: 58
  learning_rate: 0.032370150764815635
  subsample: 0.9329673108374343
  max_depth: 6
  max_features: null
  max_leaf_nodes: 8
  min_samples_split: 3
  min_samples_leaf: 14
  min_weight_fraction_leaf: 0.0
  min_impurity_decrease: 0.005867170064509295
  criterion: friedman_mse
  ccp_alpha: 0.0016741108896714306
  dropout_rate: 0.15145411141474277
  validation_fraction: 0.2576715803213087
  n_iter_no_change: null
  tol: 4.469971196518861e-05
  random_state: 42
  warm_start: false
  verbose: 0
preprocessing_config:
  eps: 1.0e-06
  min_speed: 0.01
  max_hours: 9999.0
