model_type: coxnet
model_params:
  l1_ratio: 0.9985941506387884
  alpha_min_ratio: 0.05482657888470331
  n_alphas: 275
  max_iter: 18871
  tol: 4.101692451639843e-06
seed: 42
cv_n_splits: 5
cv_n_repeats: 10
preprocessing_config:
  eps: 1.0e-06
  min_speed: 0.01
  max_hours: 9999.0
