model_type: coxnet
model_params:
  l1_ratio: 0.8254031144800735
  alpha_min_ratio: 0.09365184487172203
  n_alphas: 267
  max_iter: 15743
  tol: 4.8763332202168884e-05
seed: 1024
cv_n_splits: 5
cv_n_repeats: 10
preprocessing_config:
  eps: 1.0e-06
  min_speed: 0.01
  max_hours: 9999.0
