model_type: coxnet
model_params:
  l1_ratio: 0.8874791741094208
  alpha_min_ratio: 0.09548644069064942
  n_alphas: 231
  max_iter: 8828
  tol: 4.314815723238441e-06
seed: 2023
cv_n_splits: 5
cv_n_repeats: 10
preprocessing_config:
  eps: 1.0e-06
  min_speed: 0.01
  max_hours: 9999.0
