model_type: coxnet
model_params:
  l1_ratio: 0.9266054344610939
  alpha_min_ratio: 0.07651925831352117
  n_alphas: 276
  max_iter: 13737
  tol: 1.699560192971092e-05
seed: 777
cv_n_splits: 5
cv_n_repeats: 10
preprocessing_config:
  eps: 1.0e-06
  min_speed: 0.01
  max_hours: 9999.0
