model_type: coxnet
model_params:
  l1_ratio: 0.9906415199341955
  alpha_min_ratio: 0.05809890576168842
  n_alphas: 158
  max_iter: 353
  tol: 3.4328390604121664e-06
seed: 42
cv_n_splits: 5
cv_n_repeats: 10
preprocessing_config:
  eps: 1.0e-06
  min_speed: 0.01
  max_hours: 9999.0
