model_type: coxnet
model_params:
  l1_ratio: 0.9350033527223706
  alpha_min_ratio: 0.07234948544508388
  n_alphas: 70
  max_iter: 12104
  tol: 2.064720436862091e-05
seed: 2023
cv_n_splits: 5
cv_n_repeats: 10
preprocessing_config:
  eps: 1.0e-06
  min_speed: 0.01
  max_hours: 9999.0
