model_type: gbsa
model_params:
  loss: coxph
  n_estimators: 113
  learning_rate: 0.03312008598171417
  subsample: 0.8005762152003343
  max_depth: 1
  max_features: 0.3
  max_leaf_nodes: null
  min_samples_split: 20
  min_samples_leaf: 8
  min_weight_fraction_leaf: 0.0
  min_impurity_decrease: 0.04436217520634532
  criterion: friedman_mse
  ccp_alpha: 3.57194421521082e-05
  dropout_rate: 0.0023887215621860216
  validation_fraction: 0.21752047761648266
  n_iter_no_change: 20
  tol: 0.00015347835395633264
  random_state: 1024
  warm_start: false
  verbose: 0
seed: 1024
cv_n_splits: 5
cv_n_repeats: 10
preprocessing_config:
  eps: 1.0e-06
  min_speed: 0.01
  max_hours: 9999.0
