model_type: coxnet
model_params:
  l1_ratio: 0.9971974173081543
  alpha_min_ratio: 0.017523728608636758
  n_alphas: 131
  max_iter: 17003
  tol: 4.657109569427261e-08
seed: 1024
cv_n_splits: 5
cv_n_repeats: 10
preprocessing_config:
  eps: 1.0e-06
  min_speed: 0.01
  max_hours: 9999.0
