model_type: gbsa
model_params:
  loss: coxph
  n_estimators: 445
  learning_rate: 0.19740587746748187
  subsample: 0.6998013449323509
  max_depth: 3
  max_features: sqrt
  max_leaf_nodes: 63
  min_samples_split: 16
  min_samples_leaf: 11
  min_weight_fraction_leaf: 0.0
  min_impurity_decrease: 0.030134470925808357
  criterion: friedman_mse
  ccp_alpha: 4.6249661376427075e-08
  dropout_rate: 0.05689802919213192
  validation_fraction: 0.21283167832500988
  n_iter_no_change: 10
  tol: 0.000209306972650484
  random_state: 2023
  warm_start: false
  verbose: 0
seed: 2023
cv_n_splits: 5
cv_n_repeats: 10
preprocessing_config:
  eps: 1.0e-06
  min_speed: 0.01
  max_hours: 9999.0
