model_type: coxnet
model_params:
  l1_ratio: 0.9206357151982819
  alpha_min_ratio: 0.01678333138049237
  n_alphas: 299
  max_iter: 16301
  tol: 8.535539695806668e-07
seed: 1024
cv_n_splits: 5
cv_n_repeats: 10
preprocessing_config:
  eps: 1.0e-06
  min_speed: 0.01
  max_hours: 9999.0
