model_type: coxnet
model_params:
  l1_ratio: 0.933672127412907
  alpha_min_ratio: 0.07251907986047024
  n_alphas: 237
  max_iter: 613
  tol: 5.384779576098694e-06
seed: 42
cv_n_splits: 5
cv_n_repeats: 10
preprocessing_config:
  eps: 1.0e-06
  min_speed: 0.01
  max_hours: 9999.0
