model_type: coxnet
model_params:
  l1_ratio: 0.9722116983083267
  alpha_min_ratio: 0.0894145691200259
  n_alphas: 225
  max_iter: 597
  tol: 8.323216867628875e-05
seed: 42
cv_n_splits: 5
cv_n_repeats: 10
preprocessing_config:
  eps: 1.0e-06
  min_speed: 0.01
  max_hours: 9999.0
