model_type: gbsa
model_params:
  loss: coxph
  n_estimators: 397
  learning_rate: 0.11578367105055307
  subsample: 0.9158784713667949
  max_depth: 6
  max_features: sqrt
  max_leaf_nodes: 8
  min_samples_split: 6
  min_samples_leaf: 14
  min_weight_fraction_leaf: 0.0
  min_impurity_decrease: 0.0473209558330996
  criterion: friedman_mse
  ccp_alpha: 0.07441529899089432
  dropout_rate: 0.000962230288104749
  validation_fraction: 0.25083539267191657
  n_iter_no_change: null
  tol: 5.5812538913166785e-05
  random_state: 777
  warm_start: false
  verbose: 0
seed: 777
cv_n_splits: 5
cv_n_repeats: 10
preprocessing_config:
  eps: 1.0e-06
  min_speed: 0.01
  max_hours: 9999.0
