model_type: gbsa
model_params:
  loss: coxph
  n_estimators: 411
  learning_rate: 0.05994373872566168
  subsample: 0.5550485250413154
  max_depth: 1
  max_features: sqrt
  max_leaf_nodes: 31
  min_samples_split: 18
  min_samples_leaf: 12
  min_weight_fraction_leaf: 0.0
  min_impurity_decrease: 0.015897619026132327
  criterion: friedman_mse
  ccp_alpha: 2.0606009565532613e-07
  dropout_rate: 0.002702836637185093
  validation_fraction: 0.24494320462099367
  n_iter_no_change: null
  tol: 0.0011602991582650892
  random_state: 2023
  warm_start: false
  verbose: 0
seed: 2023
cv_n_splits: 5
cv_n_repeats: 10
preprocessing_config:
  eps: 1.0e-06
  min_speed: 0.01
  max_hours: 9999.0
