model_type: gbsa
model_params:
  loss: coxph
  n_estimators: 268
  learning_rate: 0.1715842873081072
  subsample: 0.7613995540122082
  max_depth: 1
  max_features: 0.3
  max_leaf_nodes: 31
  min_samples_split: 13
  min_samples_leaf: 3
  min_weight_fraction_leaf: 0.0
  min_impurity_decrease: 0.038608263592344025
  criterion: friedman_mse
  ccp_alpha: 0.00012511244364240786
  dropout_rate: 0.13304090176359595
  validation_fraction: 0.1510497517609275
  n_iter_no_change: 20
  tol: 0.0005160722463396911
  random_state: 1024
  warm_start: false
  verbose: 0
seed: 1024
cv_n_splits: 5
cv_n_repeats: 10
preprocessing_config:
  eps: 1.0e-06
  min_speed: 0.01
  max_hours: 9999.0
