model_type: coxnet
model_params:
  l1_ratio: 0.9634785964435211
  alpha_min_ratio: 0.0424811338395979
  n_alphas: 282
  max_iter: 18418
  tol: 5.7485528199834995e-05
seed: 1024
cv_n_splits: 5
cv_n_repeats: 10
preprocessing_config:
  eps: 1.0e-06
  min_speed: 0.01
  max_hours: 9999.0
