model_type: coxnet
model_params:
  l1_ratio: 0.9953447328061246
  alpha_min_ratio: 0.07907309249373445
  n_alphas: 234
  max_iter: 15099
  tol: 1.8185700784556472e-05
seed: 42
cv_n_splits: 5
cv_n_repeats: 10
preprocessing_config:
  eps: 1.0e-06
  min_speed: 0.01
  max_hours: 9999.0
