model_type: coxnet
model_params:
  l1_ratio: 0.12203156259466419
  alpha_min_ratio: 0.00783105700950554
  n_alphas: 251
  max_iter: 1820
  tol: 3.291876527880696e-08
seed: 42
cv_n_splits: 5
cv_n_repeats: 10
preprocessing_config:
  eps: 1.0e-06
  min_speed: 0.01
  max_hours: 9999.0
