model_type: gbsa
model_params:
  loss: coxph
  n_estimators: 415
  learning_rate: 0.12074408798737152
  subsample: 0.5377353659501202
  max_depth: 4
  max_features: 0.3
  max_leaf_nodes: 8
  min_samples_split: 2
  min_samples_leaf: 12
  min_weight_fraction_leaf: 0.0
  min_impurity_decrease: 0.019129261452159544
  criterion: friedman_mse
  ccp_alpha: 1.3793822932923547e-05
  dropout_rate: 0.13666157185947692
  validation_fraction: 0.2300904868306148
  n_iter_no_change: 5
  tol: 0.00027252406102721394
  random_state: 777
  warm_start: false
  verbose: 0
seed: 777
cv_n_splits: 5
cv_n_repeats: 10
preprocessing_config:
  eps: 1.0e-06
  min_speed: 0.01
  max_hours: 9999.0
