model_type: gbsa
model_params:
  loss: coxph
  n_estimators: 384
  learning_rate: 0.11697551237697605
  subsample: 0.9835996202708346
  max_depth: 5
  max_features: sqrt
  max_leaf_nodes: 63
  min_samples_split: 11
  min_samples_leaf: 1
  min_weight_fraction_leaf: 0.0
  min_impurity_decrease: 0.03463082411458606
  criterion: friedman_mse
  ccp_alpha: 0.0014147869528346858
  dropout_rate: 0.12556211300869508
  validation_fraction: 0.2533461624860305
  n_iter_no_change: null
  tol: 1.3221355518485935e-05
  random_state: 1024
  warm_start: false
  verbose: 0
seed: 1024
cv_n_splits: 5
cv_n_repeats: 10
preprocessing_config:
  eps: 1.0e-06
  min_speed: 0.01
  max_hours: 9999.0
