model_type: gbsa
model_params:
  loss: coxph
  n_estimators: 464
  learning_rate: 0.04876955759468087
  subsample: 0.9719665318248006
  max_depth: 1
  max_features: 0.3
  max_leaf_nodes: 16
  min_samples_split: 10
  min_samples_leaf: 7
  min_weight_fraction_leaf: 0.0
  min_impurity_decrease: 0.03674477352056772
  criterion: friedman_mse
  ccp_alpha: 0.004967995453907252
  dropout_rate: 0.011027910918826166
  validation_fraction: 0.21131111446168027
  n_iter_no_change: 10
  tol: 5.107222158421298e-05
  random_state: 1024
  warm_start: false
  verbose: 0
seed: 1024
cv_n_splits: 5
cv_n_repeats: 10
preprocessing_config:
  eps: 1.0e-06
  min_speed: 0.01
  max_hours: 9999.0
