model_type: gbsa
model_params:
  loss: coxph
  n_estimators: 414
  learning_rate: 0.010364921144700057
  subsample: 0.8323183965734262
  max_depth: 6
  max_features: sqrt
  max_leaf_nodes: 8
  min_samples_split: 2
  min_samples_leaf: 14
  min_weight_fraction_leaf: 0.0
  min_impurity_decrease: 0.03284186932992381
  criterion: friedman_mse
  ccp_alpha: 0.025984096429970946
  dropout_rate: 0.0033999690741767924
  validation_fraction: 0.25258166006222904
  n_iter_no_change: null
  tol: 0.0007002381159176033
  random_state: 777
  warm_start: false
  verbose: 0
seed: 777
cv_n_splits: 5
cv_n_repeats: 10
preprocessing_config:
  eps: 1.0e-06
  min_speed: 0.01
  max_hours: 9999.0
