model_type: gbsa
model_params:
  loss: coxph
  n_estimators: 166
  learning_rate: 0.043535994154394346
  subsample: 0.7941506987899213
  max_depth: 1
  max_features: 0.3
  max_leaf_nodes: null
  min_samples_split: 2
  min_samples_leaf: 16
  min_weight_fraction_leaf: 0.0
  min_impurity_decrease: 0.044754640851539046
  criterion: friedman_mse
  ccp_alpha: 0.00010643733835161192
  dropout_rate: 0.1991259968112603
  validation_fraction: 0.26784550017699993
  n_iter_no_change: 10
  tol: 0.00017918454041518817
  random_state: 777
  warm_start: false
  verbose: 0
seed: 777
cv_n_splits: 5
cv_n_repeats: 10
preprocessing_config:
  eps: 1.0e-06
  min_speed: 0.01
  max_hours: 9999.0
