model_type: coxnet
model_params:
  l1_ratio: 0.9086225816585831
  alpha_min_ratio: 0.02058162872773022
  n_alphas: 135
  max_iter: 19414
  tol: 5.244750018429843e-06
seed: 777
cv_n_splits: 5
cv_n_repeats: 10
preprocessing_config:
  eps: 1.0e-06
  min_speed: 0.01
  max_hours: 9999.0
