model_type: coxnet
model_params:
  l1_ratio: 0.9197420376503542
  alpha_min_ratio: 0.07385295887854333
  n_alphas: 129
  max_iter: 10290
  tol: 2.1471435116558825e-08
seed: 1024
cv_n_splits: 5
cv_n_repeats: 10
preprocessing_config:
  eps: 1.0e-06
  min_speed: 0.01
  max_hours: 9999.0
