model_type: coxnet
model_params:
  l1_ratio: 0.9946921500917967
  alpha_min_ratio: 0.05640376791837599
  n_alphas: 244
  max_iter: 18162
  tol: 5.686778829176523e-06
seed: 1024
cv_n_splits: 5
cv_n_repeats: 10
preprocessing_config:
  eps: 1.0e-06
  min_speed: 0.01
  max_hours: 9999.0
