model_type: coxnet
model_params:
  l1_ratio: 0.9515519296412149
  alpha_min_ratio: 0.06465483849708734
  n_alphas: 239
  max_iter: 1555
  tol: 1.7877678873616714e-05
seed: 42
cv_n_splits: 5
cv_n_repeats: 10
preprocessing_config:
  eps: 1.0e-06
  min_speed: 0.01
  max_hours: 9999.0
