model_type: coxnet
model_params:
  l1_ratio: 0.99280823290282
  alpha_min_ratio: 0.012470662544654716
  n_alphas: 234
  max_iter: 570
  tol: 4.968187280818084e-06
seed: 42
cv_n_splits: 5
cv_n_repeats: 10
preprocessing_config:
  eps: 1.0e-06
  min_speed: 0.01
  max_hours: 9999.0
