model_type: coxnet
model_params:
  l1_ratio: 0.8719899390558203
  alpha_min_ratio: 0.06434160892280628
  n_alphas: 289
  max_iter: 16077
  tol: 8.967059028898062e-05
seed: 1024
cv_n_splits: 5
cv_n_repeats: 10
preprocessing_config:
  eps: 1.0e-06
  min_speed: 0.01
  max_hours: 9999.0
