model_type: gbsa
model_params:
  loss: coxph
  n_estimators: 67
  learning_rate: 0.1417597518199619
  subsample: 0.6147014575588423
  max_depth: 6
  max_features: log2
  max_leaf_nodes: 16
  min_samples_split: 7
  min_samples_leaf: 9
  min_weight_fraction_leaf: 0.0
  min_impurity_decrease: 0.015296089841085755
  criterion: friedman_mse
  ccp_alpha: 0.0017915611760805803
  dropout_rate: 0.05584580446800784
  validation_fraction: 0.2807119502297024
  n_iter_no_change: 20
  tol: 2.9318578504913152e-05
  random_state: 42
  warm_start: false
  verbose: 0
seed: 42
cv_n_splits: 5
cv_n_repeats: 10
preprocessing_config:
  eps: 1.0e-06
  min_speed: 0.01
  max_hours: 9999.0
