model_type: coxnet
model_params:
  l1_ratio: 0.9362232782791566
  alpha_min_ratio: 0.06537958861415762
  n_alphas: 105
  max_iter: 9530
  tol: 1.3581520933942958e-05
seed: 777
cv_n_splits: 5
cv_n_repeats: 10
preprocessing_config:
  eps: 1.0e-06
  min_speed: 0.01
  max_hours: 9999.0
