model_type: gbsa
model_params:
  loss: coxph
  n_estimators: 495
  learning_rate: 0.05319737055609446
  subsample: 0.5452181134278642
  max_depth: 5
  max_features: 1.0
  max_leaf_nodes: 31
  min_samples_split: 10
  min_samples_leaf: 10
  min_weight_fraction_leaf: 0.0
  min_impurity_decrease: 0.038428518665587386
  criterion: friedman_mse
  ccp_alpha: 0.002994554282014468
  dropout_rate: 0.0451484747658779
  validation_fraction: 0.24228768770615497
  n_iter_no_change: 5
  tol: 3.0232243029753194e-05
  random_state: 777
  warm_start: false
  verbose: 0
seed: 777
cv_n_splits: 5
cv_n_repeats: 10
preprocessing_config:
  eps: 1.0e-06
  min_speed: 0.01
  max_hours: 9999.0
