model_type: gbsa
model_params:
  loss: coxph
  n_estimators: 422
  learning_rate: 0.07222606305621046
  subsample: 0.7993696526123564
  max_depth: 5
  max_features: 0.3
  max_leaf_nodes: 8
  min_samples_split: 5
  min_samples_leaf: 11
  min_weight_fraction_leaf: 0.0
  min_impurity_decrease: 0.03927797708197933
  criterion: friedman_mse
  ccp_alpha: 0.00017625045310804813
  dropout_rate: 0.02664561709268184
  validation_fraction: 0.2792031003078465
  n_iter_no_change: null
  tol: 0.00012653120068517194
  random_state: 777
  warm_start: false
  verbose: 0
seed: 777
cv_n_splits: 5
cv_n_repeats: 10
preprocessing_config:
  eps: 1.0e-06
  min_speed: 0.01
  max_hours: 9999.0
