model_type: coxnet
model_params:
  l1_ratio: 0.8404131323684829
  alpha_min_ratio: 0.037513277981986344
  n_alphas: 60
  max_iter: 13370
  tol: 2.1612728136358976e-06
seed: 1024
cv_n_splits: 5
cv_n_repeats: 10
preprocessing_config:
  eps: 1.0e-06
  min_speed: 0.01
  max_hours: 9999.0
