model_type: gbsa
model_params:
  loss: coxph
  n_estimators: 419
  learning_rate: 0.12440167739899302
  subsample: 0.7410127555688347
  max_depth: 6
  max_features: sqrt
  max_leaf_nodes: 8
  min_samples_split: 2
  min_samples_leaf: 6
  min_weight_fraction_leaf: 0.0
  min_impurity_decrease: 0.025377062349322854
  criterion: friedman_mse
  ccp_alpha: 0.0010476896891291683
  dropout_rate: 0.13251976238349292
  validation_fraction: 0.249528342695352
  n_iter_no_change: null
  tol: 1.8266333584459823e-05
  random_state: 42
  warm_start: false
  verbose: 0
seed: 42
cv_n_splits: 5
cv_n_repeats: 10
preprocessing_config:
  eps: 1.0e-06
  min_speed: 0.01
  max_hours: 9999.0
