model_type: coxnet
model_params:
  l1_ratio: 0.3953431836611294
  alpha_min_ratio: 0.0001084670895545892
  n_alphas: 279
  max_iter: 19605
  tol: 5.885940956911021e-08
seed: 777
cv_n_splits: 5
cv_n_repeats: 10
preprocessing_config:
  eps: 1.0e-06
  min_speed: 0.01
  max_hours: 9999.0
