model_type: coxnet
model_params:
  l1_ratio: 0.8245960610362971
  alpha_min_ratio: 0.0907258584873127
  n_alphas: 185
  max_iter: 11773
  tol: 2.195413108138914e-06
seed: 2023
cv_n_splits: 5
cv_n_repeats: 10
preprocessing_config:
  eps: 1.0e-06
  min_speed: 0.01
  max_hours: 9999.0
