model_type: gbsa
model_params:
  loss: coxph
  n_estimators: 454
  learning_rate: 0.07829898345408509
  subsample: 0.9619844729499183
  max_depth: 3
  max_features: 0.3
  max_leaf_nodes: 63
  min_samples_split: 4
  min_samples_leaf: 4
  min_weight_fraction_leaf: 0.0
  min_impurity_decrease: 0.029691364035770856
  criterion: friedman_mse
  ccp_alpha: 0.00042286095159677203
  dropout_rate: 0.0009097742561850475
  validation_fraction: 0.27335995711521544
  n_iter_no_change: null
  tol: 0.0002853028141695427
  random_state: 1024
  warm_start: false
  verbose: 0
seed: 1024
cv_n_splits: 5
cv_n_repeats: 10
preprocessing_config:
  eps: 1.0e-06
  min_speed: 0.01
  max_hours: 9999.0
