model_type: coxnet
model_params:
  l1_ratio: 0.977361578333233
  alpha_min_ratio: 0.04158517609987005
  n_alphas: 214
  max_iter: 7432
  tol: 9.950712072997256e-06
seed: 42
cv_n_splits: 5
cv_n_repeats: 10
preprocessing_config:
  eps: 1.0e-06
  min_speed: 0.01
  max_hours: 9999.0
