model_type: coxnet
model_params:
  l1_ratio: 0.9412720035059214
  alpha_min_ratio: 0.08679677606709212
  n_alphas: 257
  max_iter: 14070
  tol: 8.811679766107169e-06
seed: 42
cv_n_splits: 5
cv_n_repeats: 10
preprocessing_config:
  eps: 1.0e-06
  min_speed: 0.01
  max_hours: 9999.0
