model_type: coxnet
model_params:
  l1_ratio: 0.9986679695891857
  alpha_min_ratio: 0.0817988970524676
  n_alphas: 262
  max_iter: 15182
  tol: 4.6956130731746005e-06
seed: 42
cv_n_splits: 5
cv_n_repeats: 10
preprocessing_config:
  eps: 1.0e-06
  min_speed: 0.01
  max_hours: 9999.0
