model_type: coxnet
model_params:
  l1_ratio: 0.9358540268038845
  alpha_min_ratio: 0.08824740652449208
  n_alphas: 197
  max_iter: 1385
  tol: 2.334970783620535e-05
seed: 42
cv_n_splits: 5
cv_n_repeats: 10
preprocessing_config:
  eps: 1.0e-06
  min_speed: 0.01
  max_hours: 9999.0
