model_type: coxnet
model_params:
  l1_ratio: 0.9603295494361387
  alpha_min_ratio: 0.0707817578649123
  n_alphas: 229
  max_iter: 550
  tol: 9.56705390932383e-05
seed: 42
cv_n_splits: 5
cv_n_repeats: 10
preprocessing_config:
  eps: 1.0e-06
  min_speed: 0.01
  max_hours: 9999.0
