model_type: coxnet
model_params:
  l1_ratio: 0.9427573105368551
  alpha_min_ratio: 0.07592223936292568
  n_alphas: 263
  max_iter: 1976
  tol: 2.178057292870607e-06
seed: 42
cv_n_splits: 5
cv_n_repeats: 10
preprocessing_config:
  eps: 1.0e-06
  min_speed: 0.01
  max_hours: 9999.0
