model_type: coxnet
model_params:
  l1_ratio: 0.8491656650738169
  alpha_min_ratio: 0.09749426211647136
  n_alphas: 186
  max_iter: 7556
  tol: 6.685507626973679e-06
seed: 777
cv_n_splits: 5
cv_n_repeats: 10
preprocessing_config:
  eps: 1.0e-06
  min_speed: 0.01
  max_hours: 9999.0
