model_type: coxnet
model_params:
  l1_ratio: 0.9890034928040177
  alpha_min_ratio: 0.06244510470266012
  n_alphas: 81
  max_iter: 14971
  tol: 1.6839303201795055e-06
seed: 2023
cv_n_splits: 5
cv_n_repeats: 10
preprocessing_config:
  eps: 1.0e-06
  min_speed: 0.01
  max_hours: 9999.0
