model_type: gbsa
model_params:
  loss: coxph
  n_estimators: 291
  learning_rate: 0.10225660488607599
  subsample: 0.6326201784025275
  max_depth: 6
  max_features: null
  max_leaf_nodes: 16
  min_samples_split: 11
  min_samples_leaf: 11
  min_weight_fraction_leaf: 0.0
  min_impurity_decrease: 0.016937710444726903
  criterion: friedman_mse
  ccp_alpha: 3.7943715853212328e-06
  dropout_rate: 0.013709618962910966
  validation_fraction: 0.1490838992852655
  n_iter_no_change: null
  tol: 0.00028125480403462744
  random_state: 2023
  warm_start: false
  verbose: 0
seed: 2023
cv_n_splits: 5
cv_n_repeats: 10
preprocessing_config:
  eps: 1.0e-06
  min_speed: 0.01
  max_hours: 9999.0
