model_type: coxnet
model_params:
  l1_ratio: 0.9947627665716389
  alpha_min_ratio: 0.03634569408748677
  n_alphas: 252
  max_iter: 17759
  tol: 7.96544906023078e-05
seed: 42
cv_n_splits: 5
cv_n_repeats: 10
preprocessing_config:
  eps: 1.0e-06
  min_speed: 0.01
  max_hours: 9999.0
