model_type: coxnet
model_params:
  l1_ratio: 0.9490348625048239
  alpha_min_ratio: 0.09800257314531535
  n_alphas: 172
  max_iter: 14469
  tol: 8.243071970575458e-07
seed: 2023
cv_n_splits: 5
cv_n_repeats: 10
preprocessing_config:
  eps: 1.0e-06
  min_speed: 0.01
  max_hours: 9999.0
