model_type: gbsa
model_params:
  loss: coxph
  n_estimators: 258
  learning_rate: 0.09305368753194863
  subsample: 0.7836405314528532
  max_depth: 1
  max_features: 0.3
  max_leaf_nodes: 8
  min_samples_split: 7
  min_samples_leaf: 10
  min_weight_fraction_leaf: 0.0
  min_impurity_decrease: 0.01899175351498609
  criterion: friedman_mse
  ccp_alpha: 1.1983689836308599e-05
  dropout_rate: 0.015343698013910218
  validation_fraction: 0.1187955031212568
  n_iter_no_change: null
  tol: 0.0003649647730221975
  random_state: 1024
  warm_start: false
  verbose: 0
seed: 1024
cv_n_splits: 5
cv_n_repeats: 10
preprocessing_config:
  eps: 1.0e-06
  min_speed: 0.01
  max_hours: 9999.0
