model_type: gbsa
model_params:
  loss: coxph
  n_estimators: 393
  learning_rate: 0.11894062185611652
  subsample: 0.9440974279995392
  max_depth: 5
  max_features: log2
  max_leaf_nodes: 63
  min_samples_split: 17
  min_samples_leaf: 1
  min_weight_fraction_leaf: 0.0
  min_impurity_decrease: 0.03457882018889944
  criterion: friedman_mse
  ccp_alpha: 6.996249910089572e-05
  dropout_rate: 0.08607608674316643
  validation_fraction: 0.2871192221762081
  n_iter_no_change: 20
  tol: 0.0010214462428470295
  random_state: 1024
  warm_start: false
  verbose: 0
seed: 1024
cv_n_splits: 5
cv_n_repeats: 10
preprocessing_config:
  eps: 1.0e-06
  min_speed: 0.01
  max_hours: 9999.0
