model_type: coxnet
model_params:
  l1_ratio: 0.3324691159070539
  alpha_min_ratio: 0.020725167256436187
  n_alphas: 255
  max_iter: 17160
  tol: 5.9195488968651076e-05
seed: 2023
cv_n_splits: 5
cv_n_repeats: 10
preprocessing_config:
  eps: 1.0e-06
  min_speed: 0.01
  max_hours: 9999.0
