model_type: coxnet
model_params:
  l1_ratio: 0.9432347183998802
  alpha_min_ratio: 0.05629326155581927
  n_alphas: 72
  max_iter: 19776
  tol: 2.5682189006324703e-05
seed: 2023
cv_n_splits: 5
cv_n_repeats: 10
preprocessing_config:
  eps: 1.0e-06
  min_speed: 0.01
  max_hours: 9999.0
