seed: 42
cv_n_splits: 5
cv_n_repeats: 10
gbsa_config:
  loss: coxph
  n_estimators: 474
  learning_rate: 0.07496276880906724
  subsample: 0.7474701113605543
  max_depth: 6
  max_features: null
  max_leaf_nodes: 63
  min_samples_split: 9
  min_samples_leaf: 9
  min_weight_fraction_leaf: 0.0
  min_impurity_decrease: 0.030973711455133942
  criterion: friedman_mse
  ccp_alpha: 0.0007143645116877775
  dropout_rate: 0.039279138254871594
  validation_fraction: 0.23384399823578358
  n_iter_no_change: null
  tol: 1.844080269039405e-05
  random_state: 42
  warm_start: false
  verbose: 0
preprocessing_config:
  eps: 1.0e-06
  min_speed: 0.01
  max_hours: 9999.0
