seed: 42
cv_n_splits: 5
cv_n_repeats: 10
gbsa_config:
  loss: coxph
  n_estimators: 381
  learning_rate: 0.03600602173216058
  subsample: 0.780611056130769
  max_depth: 6
  max_features: 1.0
  max_leaf_nodes: 31
  min_samples_split: 2
  min_samples_leaf: 7
  min_weight_fraction_leaf: 0.0
  min_impurity_decrease: 0.011824515978885394
  criterion: friedman_mse
  ccp_alpha: 0.019099709873348924
  dropout_rate: 0.06979300340070783
  validation_fraction: 0.2799165071792389
  n_iter_no_change: null
  tol: 4.081472896086048e-05
  random_state: 42
  warm_start: false
  verbose: 0
preprocessing_config:
  eps: 1.0e-06
  min_speed: 0.01
  max_hours: 9999.0
