model_type: gbsa
model_params:
  loss: coxph
  n_estimators: 282
  learning_rate: 0.11363083994199218
  subsample: 0.7738370277982377
  max_depth: 2
  max_features: log2
  max_leaf_nodes: 63
  min_samples_split: 18
  min_samples_leaf: 16
  min_weight_fraction_leaf: 0.0
  min_impurity_decrease: 0.03346254539719773
  criterion: friedman_mse
  ccp_alpha: 4.50271115049402e-06
  dropout_rate: 0.07281439530751829
  validation_fraction: 0.25692726108991065
  n_iter_no_change: null
  tol: 1.3745058205123673e-05
  random_state: 2023
  warm_start: false
  verbose: 0
seed: 2023
cv_n_splits: 5
cv_n_repeats: 10
preprocessing_config:
  eps: 1.0e-06
  min_speed: 0.01
  max_hours: 9999.0
