seed: 42
cv_n_splits: 5
cv_n_repeats: 10
gbsa_config:
  loss: coxph
  n_estimators: 455
  learning_rate: 0.1304559185331311
  subsample: 0.7056158866869363
  max_depth: 5
  max_features: sqrt
  max_leaf_nodes: 31
  min_samples_split: 2
  min_samples_leaf: 16
  min_weight_fraction_leaf: 0.0
  min_impurity_decrease: 0.04306828576378448
  criterion: friedman_mse
  ccp_alpha: 0.0037456255748468457
  dropout_rate: 0.014828975223619078
  validation_fraction: 0.20796439343394676
  n_iter_no_change: null
  tol: 2.5328288355357948e-05
  random_state: 42
  warm_start: false
  verbose: 0
preprocessing_config:
  eps: 1.0e-06
  min_speed: 0.01
  max_hours: 9999.0
