model_type: coxnet
model_params:
  l1_ratio: 0.9603595621644669
  alpha_min_ratio: 0.05231306771672114
  n_alphas: 54
  max_iter: 14729
  tol: 1.5071174011732295e-06
seed: 777
cv_n_splits: 5
cv_n_repeats: 10
preprocessing_config:
  eps: 1.0e-06
  min_speed: 0.01
  max_hours: 9999.0
