model_type: gbsa
model_params:
  loss: coxph
  n_estimators: 367
  learning_rate: 0.08967901339516984
  subsample: 0.5015875312389644
  max_depth: 4
  max_features: 0.5
  max_leaf_nodes: 63
  min_samples_split: 3
  min_samples_leaf: 18
  min_weight_fraction_leaf: 0.0
  min_impurity_decrease: 0.04157175898491875
  criterion: friedman_mse
  ccp_alpha: 0.02328514285820653
  dropout_rate: 0.049303002860706706
  validation_fraction: 0.2418147855628059
  n_iter_no_change: null
  tol: 0.0003654711264516157
  random_state: 2023
  warm_start: false
  verbose: 0
seed: 2023
cv_n_splits: 5
cv_n_repeats: 10
preprocessing_config:
  eps: 1.0e-06
  min_speed: 0.01
  max_hours: 9999.0
