model_type: coxnet
model_params:
  l1_ratio: 0.7946637501069447
  alpha_min_ratio: 0.08958197445697447
  n_alphas: 180
  max_iter: 1938
  tol: 1.862897444198841e-05
seed: 42
cv_n_splits: 5
cv_n_repeats: 10
preprocessing_config:
  eps: 1.0e-06
  min_speed: 0.01
  max_hours: 9999.0
