model_type: gbsa
model_params:
  loss: coxph
  n_estimators: 80
  learning_rate: 0.022602701334980137
  subsample: 0.8594141059595256
  max_depth: 5
  max_features: 0.3
  max_leaf_nodes: 31
  min_samples_split: 7
  min_samples_leaf: 17
  min_weight_fraction_leaf: 0.0
  min_impurity_decrease: 0.04292416786555857
  criterion: friedman_mse
  ccp_alpha: 0.0013733493583448512
  dropout_rate: 0.07987612803487452
  validation_fraction: 0.24998742030624785
  n_iter_no_change: null
  tol: 2.024248536196603e-05
  random_state: 42
  warm_start: false
  verbose: 0
seed: 42
cv_n_splits: 5
cv_n_repeats: 10
preprocessing_config:
  eps: 1.0e-06
  min_speed: 0.01
  max_hours: 9999.0
