model_type: coxnet
model_params:
  l1_ratio: 0.9232620960683309
  alpha_min_ratio: 0.0433675185089617
  n_alphas: 274
  max_iter: 18938
  tol: 8.498486477491515e-06
seed: 42
cv_n_splits: 5
cv_n_repeats: 10
preprocessing_config:
  eps: 1.0e-06
  min_speed: 0.01
  max_hours: 9999.0
