model_type: gbsa
model_params:
  loss: coxph
  n_estimators: 250
  learning_rate: 0.05822028904949629
  subsample: 0.7528735348622171
  max_depth: 5
  max_features: 0.3
  max_leaf_nodes: 8
  min_samples_split: 4
  min_samples_leaf: 19
  min_weight_fraction_leaf: 0.0
  min_impurity_decrease: 0.03740977884847502
  criterion: friedman_mse
  ccp_alpha: 0.008184542727901561
  dropout_rate: 0.06393098705644645
  validation_fraction: 0.19562802305339366
  n_iter_no_change: null
  tol: 5.497773866466838e-05
  random_state: 777
  warm_start: false
  verbose: 0
seed: 777
cv_n_splits: 5
cv_n_repeats: 10
preprocessing_config:
  eps: 1.0e-06
  min_speed: 0.01
  max_hours: 9999.0
