model_type: coxnet
model_params:
  l1_ratio: 0.9999889974495898
  alpha_min_ratio: 0.01606892780419217
  n_alphas: 161
  max_iter: 10444
  tol: 1.0421939371894244e-06
seed: 2023
cv_n_splits: 5
cv_n_repeats: 10
preprocessing_config:
  eps: 1.0e-06
  min_speed: 0.01
  max_hours: 9999.0
