model_type: coxnet
model_params:
  l1_ratio: 0.4567173691852116
  alpha_min_ratio: 0.02868773688349357
  n_alphas: 300
  max_iter: 13361
  tol: 7.918892832845294e-05
seed: 42
cv_n_splits: 5
cv_n_repeats: 10
preprocessing_config:
  eps: 1.0e-06
  min_speed: 0.01
  max_hours: 9999.0
