model_type: coxnet
model_params:
  l1_ratio: 0.976006108266086
  alpha_min_ratio: 0.06934320717265402
  n_alphas: 142
  max_iter: 13058
  tol: 1.0360982671035109e-05
seed: 777
cv_n_splits: 5
cv_n_repeats: 10
preprocessing_config:
  eps: 1.0e-06
  min_speed: 0.01
  max_hours: 9999.0
