model_type: coxnet
model_params:
  l1_ratio: 0.49538215939751384
  alpha_min_ratio: 0.05436795753351204
  n_alphas: 140
  max_iter: 3200
  tol: 4.416843460809419e-05
seed: 777
cv_n_splits: 5
cv_n_repeats: 10
preprocessing_config:
  eps: 1.0e-06
  min_speed: 0.01
  max_hours: 9999.0
