model_type: gbsa
model_params:
  loss: coxph
  n_estimators: 134
  learning_rate: 0.160302879853518
  subsample: 0.5993049338098837
  max_depth: 6
  max_features: null
  max_leaf_nodes: 8
  min_samples_split: 13
  min_samples_leaf: 14
  min_weight_fraction_leaf: 0.0
  min_impurity_decrease: 0.033252820105219516
  criterion: friedman_mse
  ccp_alpha: 4.350230231780703e-05
  dropout_rate: 0.03133201696215131
  validation_fraction: 0.24440513162766395
  n_iter_no_change: null
  tol: 1.1577808730340818e-05
  random_state: 777
  warm_start: false
  verbose: 0
seed: 777
cv_n_splits: 5
cv_n_repeats: 10
preprocessing_config:
  eps: 1.0e-06
  min_speed: 0.01
  max_hours: 9999.0
