model_type: coxnet
model_params:
  l1_ratio: 0.5501064677796954
  alpha_min_ratio: 0.05486823196825807
  n_alphas: 174
  max_iter: 18534
  tol: 3.928736040884248e-08
seed: 2023
cv_n_splits: 5
cv_n_repeats: 10
preprocessing_config:
  eps: 1.0e-06
  min_speed: 0.01
  max_hours: 9999.0
