model_type: coxnet
model_params:
  l1_ratio: 0.9853403685780127
  alpha_min_ratio: 0.046525684469498715
  n_alphas: 128
  max_iter: 9339
  tol: 1.3670791722625117e-05
seed: 777
cv_n_splits: 5
cv_n_repeats: 10
preprocessing_config:
  eps: 1.0e-06
  min_speed: 0.01
  max_hours: 9999.0
