model_type: coxnet
model_params:
  l1_ratio: 0.9634593872868681
  alpha_min_ratio: 0.07417148492660086
  n_alphas: 206
  max_iter: 16308
  tol: 3.9090065678948864e-07
seed: 2023
cv_n_splits: 5
cv_n_repeats: 10
preprocessing_config:
  eps: 1.0e-06
  min_speed: 0.01
  max_hours: 9999.0
