model_type: gbsa
model_params:
  loss: coxph
  n_estimators: 299
  learning_rate: 0.039915547111290195
  subsample: 0.7347395601712459
  max_depth: 4
  max_features: sqrt
  max_leaf_nodes: 16
  min_samples_split: 19
  min_samples_leaf: 3
  min_weight_fraction_leaf: 0.0
  min_impurity_decrease: 0.016318632571723366
  criterion: friedman_mse
  ccp_alpha: 1.0594411442400982e-07
  dropout_rate: 0.034850646304433956
  validation_fraction: 0.20428797700608037
  n_iter_no_change: null
  tol: 0.00162393137180013
  random_state: 1024
  warm_start: false
  verbose: 0
seed: 1024
cv_n_splits: 5
cv_n_repeats: 10
preprocessing_config:
  eps: 1.0e-06
  min_speed: 0.01
  max_hours: 9999.0
