model_type: coxnet
model_params:
  l1_ratio: 0.9162863286102861
  alpha_min_ratio: 0.04422308428526048
  n_alphas: 207
  max_iter: 16041
  tol: 5.679364117384238e-05
seed: 42
cv_n_splits: 5
cv_n_repeats: 10
preprocessing_config:
  eps: 1.0e-06
  min_speed: 0.01
  max_hours: 9999.0
