model_type: gbsa
model_params:
  loss: coxph
  n_estimators: 297
  learning_rate: 0.09879701106904394
  subsample: 0.8713886247381236
  max_depth: 1
  max_features: 0.3
  max_leaf_nodes: 31
  min_samples_split: 11
  min_samples_leaf: 18
  min_weight_fraction_leaf: 0.0
  min_impurity_decrease: 0.039613812491034184
  criterion: friedman_mse
  ccp_alpha: 2.2029374019163556e-08
  dropout_rate: 0.013947956400884351
  validation_fraction: 0.25553208093270824
  n_iter_no_change: null
  tol: 1.2720451652866698e-05
  random_state: 2023
  warm_start: false
  verbose: 0
seed: 2023
cv_n_splits: 5
cv_n_repeats: 10
preprocessing_config:
  eps: 1.0e-06
  min_speed: 0.01
  max_hours: 9999.0
