model_type: gbsa
model_params:
  loss: coxph
  n_estimators: 319
  learning_rate: 0.13384721156925478
  subsample: 0.9061193858102402
  max_depth: 2
  max_features: log2
  max_leaf_nodes: 31
  min_samples_split: 3
  min_samples_leaf: 20
  min_weight_fraction_leaf: 0.0
  min_impurity_decrease: 0.006198880083625969
  criterion: friedman_mse
  ccp_alpha: 2.821509676274995e-08
  dropout_rate: 0.10125341125689462
  validation_fraction: 0.205647562783309
  n_iter_no_change: null
  tol: 0.00017025108950983746
  random_state: 2023
  warm_start: false
  verbose: 0
seed: 2023
cv_n_splits: 5
cv_n_repeats: 10
preprocessing_config:
  eps: 1.0e-06
  min_speed: 0.01
  max_hours: 9999.0
