model_type: coxnet
model_params:
  l1_ratio: 0.8028424225008939
  alpha_min_ratio: 0.015165898939850707
  n_alphas: 192
  max_iter: 222
  tol: 6.49710270665288e-05
seed: 42
cv_n_splits: 5
cv_n_repeats: 10
preprocessing_config:
  eps: 1.0e-06
  min_speed: 0.01
  max_hours: 9999.0
