seed: 42
cv_n_splits: 5
cv_n_repeats: 10
gbsa_config:
  loss: coxph
  n_estimators: 216
  learning_rate: 0.07038631497358125
  subsample: 0.5675977915440888
  max_depth: 5
  max_features: sqrt
  max_leaf_nodes: 31
  min_samples_split: 4
  min_samples_leaf: 17
  min_weight_fraction_leaf: 0.0
  min_impurity_decrease: 0.0487929569913487
  criterion: friedman_mse
  ccp_alpha: 7.776925474696032e-05
  dropout_rate: 0.024914175612703697
  validation_fraction: 0.18573575359097155
  n_iter_no_change: null
  tol: 1.2507501923024023e-05
  random_state: 42
  warm_start: false
  verbose: 0
preprocessing_config:
  eps: 1.0e-06
  min_speed: 0.01
  max_hours: 9999.0
