model_type: gbsa
model_params:
  loss: coxph
  n_estimators: 464
  learning_rate: 0.13116324478446703
  subsample: 0.6295403402139602
  max_depth: 2
  max_features: log2
  max_leaf_nodes: 63
  min_samples_split: 18
  min_samples_leaf: 17
  min_weight_fraction_leaf: 0.0
  min_impurity_decrease: 0.01900908645619642
  criterion: friedman_mse
  ccp_alpha: 6.147761757631634e-06
  dropout_rate: 0.05149305966204567
  validation_fraction: 0.25927690594875813
  n_iter_no_change: null
  tol: 0.0005061025959944014
  random_state: 2023
  warm_start: false
  verbose: 0
seed: 2023
cv_n_splits: 5
cv_n_repeats: 10
preprocessing_config:
  eps: 1.0e-06
  min_speed: 0.01
  max_hours: 9999.0
