model_type: gbsa
model_params:
  loss: coxph
  n_estimators: 324
  learning_rate: 0.18912648513613198
  subsample: 0.5189253482531188
  max_depth: 2
  max_features: 0.3
  max_leaf_nodes: 8
  min_samples_split: 15
  min_samples_leaf: 17
  min_weight_fraction_leaf: 0.0
  min_impurity_decrease: 0.009322575200834068
  criterion: friedman_mse
  ccp_alpha: 0.0025465620504335623
  dropout_rate: 0.03958550022446808
  validation_fraction: 0.2411929287142082
  n_iter_no_change: null
  tol: 7.430006351452121e-05
  random_state: 2023
  warm_start: false
  verbose: 0
seed: 2023
cv_n_splits: 5
cv_n_repeats: 10
preprocessing_config:
  eps: 1.0e-06
  min_speed: 0.01
  max_hours: 9999.0
