model_type: coxnet
model_params:
  l1_ratio: 0.8527773239522056
  alpha_min_ratio: 0.05371663480036035
  n_alphas: 108
  max_iter: 15220
  tol: 9.021822198645616e-08
seed: 1024
cv_n_splits: 5
cv_n_repeats: 10
preprocessing_config:
  eps: 1.0e-06
  min_speed: 0.01
  max_hours: 9999.0
