model_type: gbsa
model_params:
  loss: coxph
  n_estimators: 207
  learning_rate: 0.18239262024281777
  subsample: 0.9152673516404741
  max_depth: 2
  max_features: 1.0
  max_leaf_nodes: null
  min_samples_split: 2
  min_samples_leaf: 1
  min_weight_fraction_leaf: 0.0
  min_impurity_decrease: 0.020186595660284568
  criterion: friedman_mse
  ccp_alpha: 9.10969840357613e-06
  dropout_rate: 0.1568194207670185
  validation_fraction: 0.24610504027729563
  n_iter_no_change: 20
  tol: 6.870297081701553e-05
  random_state: 42
  warm_start: false
  verbose: 0
seed: 42
cv_n_splits: 5
cv_n_repeats: 10
preprocessing_config:
  eps: 1.0e-06
  min_speed: 0.01
  max_hours: 9999.0
