model_type: gbsa
model_params:
  loss: coxph
  n_estimators: 405
  learning_rate: 0.06494615591384709
  subsample: 0.7286840962028406
  max_depth: 2
  max_features: 0.5
  max_leaf_nodes: null
  min_samples_split: 13
  min_samples_leaf: 12
  min_weight_fraction_leaf: 0.0
  min_impurity_decrease: 0.004047480108706824
  criterion: friedman_mse
  ccp_alpha: 0.015472497624727594
  dropout_rate: 0.00901008553561162
  validation_fraction: 0.23829212781199427
  n_iter_no_change: 10
  tol: 0.0010856917359649922
  random_state: 2023
  warm_start: false
  verbose: 0
seed: 2023
cv_n_splits: 5
cv_n_repeats: 10
preprocessing_config:
  eps: 1.0e-06
  min_speed: 0.01
  max_hours: 9999.0
