model_type: gbsa
model_params:
  loss: coxph
  n_estimators: 274
  learning_rate: 0.07676600167644913
  subsample: 0.7215085455159361
  max_depth: 5
  max_features: sqrt
  max_leaf_nodes: 31
  min_samples_split: 5
  min_samples_leaf: 8
  min_weight_fraction_leaf: 0.0
  min_impurity_decrease: 0.00842700918896383
  criterion: friedman_mse
  ccp_alpha: 0.00047477096564478246
  dropout_rate: 0.23668135601903584
  validation_fraction: 0.2614308064343477
  n_iter_no_change: 5
  tol: 5.1506359489264404e-05
  random_state: 42
  warm_start: false
  verbose: 0
seed: 42
cv_n_splits: 5
cv_n_repeats: 10
preprocessing_config:
  eps: 1.0e-06
  min_speed: 0.01
  max_hours: 9999.0
