model_type: coxnet
model_params:
  l1_ratio: 0.85655733651618
  alpha_min_ratio: 0.06615706608313504
  n_alphas: 120
  max_iter: 4800
  tol: 4.364116585685335e-06
seed: 777
cv_n_splits: 5
cv_n_repeats: 10
preprocessing_config:
  eps: 1.0e-06
  min_speed: 0.01
  max_hours: 9999.0
