model_type: coxnet
model_params:
  l1_ratio: 0.8985555912129779
  alpha_min_ratio: 0.08309424795631105
  n_alphas: 279
  max_iter: 18906
  tol: 1.1496222610756858e-05
seed: 2023
cv_n_splits: 5
cv_n_repeats: 10
preprocessing_config:
  eps: 1.0e-06
  min_speed: 0.01
  max_hours: 9999.0
