model_type: gbsa
model_params:
  loss: coxph
  n_estimators: 405
  learning_rate: 0.0174108327278564
  subsample: 0.534255124181083
  max_depth: 1
  max_features: 1.0
  max_leaf_nodes: 31
  min_samples_split: 16
  min_samples_leaf: 10
  min_weight_fraction_leaf: 0.0
  min_impurity_decrease: 0.002918826198230843
  criterion: friedman_mse
  ccp_alpha: 2.558188264169565e-08
  dropout_rate: 0.017854979098302085
  validation_fraction: 0.219697652351307
  n_iter_no_change: 5
  tol: 0.0022307906939602468
  random_state: 2023
  warm_start: false
  verbose: 0
seed: 2023
cv_n_splits: 5
cv_n_repeats: 10
preprocessing_config:
  eps: 1.0e-06
  min_speed: 0.01
  max_hours: 9999.0
