model_type: coxnet
model_params:
  l1_ratio: 0.8541402365034986
  alpha_min_ratio: 0.09074742605439089
  n_alphas: 131
  max_iter: 19884
  tol: 3.4196685107848416e-06
seed: 777
cv_n_splits: 5
cv_n_repeats: 10
preprocessing_config:
  eps: 1.0e-06
  min_speed: 0.01
  max_hours: 9999.0
