model_type: gbsa
model_params:
  loss: coxph
  n_estimators: 242
  learning_rate: 0.15695624373936914
  subsample: 0.5027667802402415
  max_depth: 2
  max_features: log2
  max_leaf_nodes: 63
  min_samples_split: 3
  min_samples_leaf: 6
  min_weight_fraction_leaf: 0.0
  min_impurity_decrease: 0.022958728330380894
  criterion: friedman_mse
  ccp_alpha: 5.97017103265308e-05
  dropout_rate: 0.011688413884859705
  validation_fraction: 0.2612193071846564
  n_iter_no_change: 20
  tol: 0.0020287544876719083
  random_state: 2023
  warm_start: false
  verbose: 0
seed: 2023
cv_n_splits: 5
cv_n_repeats: 10
preprocessing_config:
  eps: 1.0e-06
  min_speed: 0.01
  max_hours: 9999.0
