model_type: coxnet
model_params:
  l1_ratio: 0.8469804596360302
  alpha_min_ratio: 0.08136148277044121
  n_alphas: 135
  max_iter: 13997
  tol: 1.5766416149509144e-06
seed: 42
cv_n_splits: 5
cv_n_repeats: 10
preprocessing_config:
  eps: 1.0e-06
  min_speed: 0.01
  max_hours: 9999.0
