model_type: gbsa
model_params:
  loss: coxph
  n_estimators: 188
  learning_rate: 0.12028805430989153
  subsample: 0.7375956440862543
  max_depth: 6
  max_features: sqrt
  max_leaf_nodes: 8
  min_samples_split: 9
  min_samples_leaf: 20
  min_weight_fraction_leaf: 0.0
  min_impurity_decrease: 0.049570642997561976
  criterion: friedman_mse
  ccp_alpha: 1.8503293102960748e-05
  dropout_rate: 0.046918705102791725
  validation_fraction: 0.28601890654132445
  n_iter_no_change: null
  tol: 7.668462774774761e-05
  random_state: 777
  warm_start: false
  verbose: 0
seed: 777
cv_n_splits: 5
cv_n_repeats: 10
preprocessing_config:
  eps: 1.0e-06
  min_speed: 0.01
  max_hours: 9999.0
