model_type: coxnet
model_params:
  l1_ratio: 0.7316190288986613
  alpha_min_ratio: 0.06702454582804088
  n_alphas: 54
  max_iter: 18917
  tol: 1.0709475163746069e-06
seed: 777
cv_n_splits: 5
cv_n_repeats: 10
preprocessing_config:
  eps: 1.0e-06
  min_speed: 0.01
  max_hours: 9999.0
