model_type: coxnet
model_params:
  l1_ratio: 0.8937715429950011
  alpha_min_ratio: 0.059752970186343034
  n_alphas: 281
  max_iter: 14699
  tol: 9.08724939682361e-05
seed: 1024
cv_n_splits: 5
cv_n_repeats: 10
preprocessing_config:
  eps: 1.0e-06
  min_speed: 0.01
  max_hours: 9999.0
