model_type: gbsa
model_params:
  loss: coxph
  n_estimators: 209
  learning_rate: 0.04929466423340451
  subsample: 0.711180378098987
  max_depth: 1
  max_features: 0.5
  max_leaf_nodes: 16
  min_samples_split: 11
  min_samples_leaf: 4
  min_weight_fraction_leaf: 0.0
  min_impurity_decrease: 0.04382901778569184
  criterion: friedman_mse
  ccp_alpha: 0.01727420558158902
  dropout_rate: 0.009000084223792752
  validation_fraction: 0.2115925131789709
  n_iter_no_change: 20
  tol: 0.00708087320690053
  random_state: 777
  warm_start: false
  verbose: 0
seed: 777
cv_n_splits: 5
cv_n_repeats: 10
preprocessing_config:
  eps: 1.0e-06
  min_speed: 0.01
  max_hours: 9999.0
