model_type: coxnet
model_params:
  l1_ratio: 0.8620113277731882
  alpha_min_ratio: 0.09804237609408067
  n_alphas: 293
  max_iter: 18004
  tol: 1.1896083010011602e-05
seed: 1024
cv_n_splits: 5
cv_n_repeats: 10
preprocessing_config:
  eps: 1.0e-06
  min_speed: 0.01
  max_hours: 9999.0
