model_type: coxnet
model_params:
  l1_ratio: 0.9657501711658023
  alpha_min_ratio: 0.07997340517929954
  n_alphas: 203
  max_iter: 10351
  tol: 1.614145282530606e-06
seed: 777
cv_n_splits: 5
cv_n_repeats: 10
preprocessing_config:
  eps: 1.0e-06
  min_speed: 0.01
  max_hours: 9999.0
