model_type: gbsa
model_params:
  loss: coxph
  n_estimators: 247
  learning_rate: 0.14333291122177333
  subsample: 0.974083130686676
  max_depth: 4
  max_features: 0.3
  max_leaf_nodes: 63
  min_samples_split: 11
  min_samples_leaf: 1
  min_weight_fraction_leaf: 0.0
  min_impurity_decrease: 0.02488875063693801
  criterion: friedman_mse
  ccp_alpha: 0.0014190788393205085
  dropout_rate: 0.04002675899694673
  validation_fraction: 0.23129284289010787
  n_iter_no_change: 20
  tol: 0.0003896805326465539
  random_state: 1024
  warm_start: false
  verbose: 0
seed: 1024
cv_n_splits: 5
cv_n_repeats: 10
preprocessing_config:
  eps: 1.0e-06
  min_speed: 0.01
  max_hours: 9999.0
