model_type: coxnet
model_params:
  l1_ratio: 0.7428562687668575
  alpha_min_ratio: 0.05314768449970873
  n_alphas: 262
  max_iter: 18834
  tol: 2.1307046220394233e-06
seed: 1024
cv_n_splits: 5
cv_n_repeats: 10
preprocessing_config:
  eps: 1.0e-06
  min_speed: 0.01
  max_hours: 9999.0
