model_type: coxnet
model_params:
  l1_ratio: 0.9855914395520775
  alpha_min_ratio: 0.044686057759905466
  n_alphas: 57
  max_iter: 12464
  tol: 2.9333807157330864e-06
seed: 777
cv_n_splits: 5
cv_n_repeats: 10
preprocessing_config:
  eps: 1.0e-06
  min_speed: 0.01
  max_hours: 9999.0
