model_type: gbsa
model_params:
  loss: coxph
  n_estimators: 366
  learning_rate: 0.14707869597276174
  subsample: 0.8878416532679794
  max_depth: 6
  max_features: 0.7
  max_leaf_nodes: null
  min_samples_split: 13
  min_samples_leaf: 19
  min_weight_fraction_leaf: 0.0
  min_impurity_decrease: 0.016165573842908454
  criterion: friedman_mse
  ccp_alpha: 0.08547316088679503
  dropout_rate: 0.06491567613936466
  validation_fraction: 0.21592046801181147
  n_iter_no_change: null
  tol: 0.00016938000499315686
  random_state: 42
  warm_start: false
  verbose: 0
seed: 42
cv_n_splits: 5
cv_n_repeats: 10
preprocessing_config:
  eps: 1.0e-06
  min_speed: 0.01
  max_hours: 9999.0
