model_type: gbsa
model_params:
  loss: coxph
  n_estimators: 159
  learning_rate: 0.19811887590714494
  subsample: 0.8183142280875922
  max_depth: 6
  max_features: 0.3
  max_leaf_nodes: 63
  min_samples_split: 17
  min_samples_leaf: 6
  min_weight_fraction_leaf: 0.0
  min_impurity_decrease: 0.01907624132413749
  criterion: friedman_mse
  ccp_alpha: 7.34371516251098e-05
  dropout_rate: 0.009228275046080758
  validation_fraction: 0.2980013318322431
  n_iter_no_change: null
  tol: 0.00177060306464511
  random_state: 1024
  warm_start: false
  verbose: 0
seed: 1024
cv_n_splits: 5
cv_n_repeats: 10
preprocessing_config:
  eps: 1.0e-06
  min_speed: 0.01
  max_hours: 9999.0
