model_type: coxnet
model_params:
  l1_ratio: 0.013310049639068788
  alpha_min_ratio: 0.0037350101584109176
  n_alphas: 274
  max_iter: 15628
  tol: 3.1003218747872805e-08
seed: 777
cv_n_splits: 5
cv_n_repeats: 10
preprocessing_config:
  eps: 1.0e-06
  min_speed: 0.01
  max_hours: 9999.0
