model_type: coxnet
model_params:
  l1_ratio: 0.915976765367422
  alpha_min_ratio: 0.08067028627312357
  n_alphas: 271
  max_iter: 963
  tol: 1.380399164019406e-05
seed: 42
cv_n_splits: 5
cv_n_repeats: 10
preprocessing_config:
  eps: 1.0e-06
  min_speed: 0.01
  max_hours: 9999.0
