model_type: gbsa
model_params:
  loss: coxph
  n_estimators: 449
  learning_rate: 0.06381784279977397
  subsample: 0.5474272541738845
  max_depth: 3
  max_features: 1.0
  max_leaf_nodes: 8
  min_samples_split: 11
  min_samples_leaf: 9
  min_weight_fraction_leaf: 0.0
  min_impurity_decrease: 0.029562321478724066
  criterion: friedman_mse
  ccp_alpha: 0.0009619716272155318
  dropout_rate: 0.05665937584284014
  validation_fraction: 0.27610991224987935
  n_iter_no_change: null
  tol: 6.64936697427399e-05
  random_state: 777
  warm_start: false
  verbose: 0
seed: 777
cv_n_splits: 5
cv_n_repeats: 10
preprocessing_config:
  eps: 1.0e-06
  min_speed: 0.01
  max_hours: 9999.0
