model_type: coxnet
model_params:
  l1_ratio: 0.907798118300326
  alpha_min_ratio: 0.09490639607321108
  n_alphas: 199
  max_iter: 14624
  tol: 1.6981244773694394e-06
seed: 42
cv_n_splits: 5
cv_n_repeats: 10
preprocessing_config:
  eps: 1.0e-06
  min_speed: 0.01
  max_hours: 9999.0
