model_type: coxnet
model_params:
  l1_ratio: 0.9636751859436052
  alpha_min_ratio: 0.059036692518897864
  n_alphas: 262
  max_iter: 10192
  tol: 1.176304199814111e-08
seed: 2023
cv_n_splits: 5
cv_n_repeats: 10
preprocessing_config:
  eps: 1.0e-06
  min_speed: 0.01
  max_hours: 9999.0
