model_type: coxnet
model_params:
  l1_ratio: 0.956784575527833
  alpha_min_ratio: 0.05232445813930611
  n_alphas: 288
  max_iter: 16907
  tol: 7.027719625137325e-07
seed: 42
cv_n_splits: 5
cv_n_repeats: 10
preprocessing_config:
  eps: 1.0e-06
  min_speed: 0.01
  max_hours: 9999.0
