model_type: gbsa
model_params:
  loss: coxph
  n_estimators: 357
  learning_rate: 0.126359027914508
  subsample: 0.6792556843571671
  max_depth: 6
  max_features: 0.3
  max_leaf_nodes: 31
  min_samples_split: 9
  min_samples_leaf: 7
  min_weight_fraction_leaf: 0.0
  min_impurity_decrease: 0.031123253560540156
  criterion: friedman_mse
  ccp_alpha: 0.02993057654863549
  dropout_rate: 0.029220198270066736
  validation_fraction: 0.27545804113533673
  n_iter_no_change: null
  tol: 1.8621201808931772e-05
  random_state: 42
  warm_start: false
  verbose: 0
seed: 42
cv_n_splits: 5
cv_n_repeats: 10
preprocessing_config:
  eps: 1.0e-06
  min_speed: 0.01
  max_hours: 9999.0
