model_type: coxnet
model_params:
  l1_ratio: 0.31414117803471386
  alpha_min_ratio: 0.003128916271804417
  n_alphas: 289
  max_iter: 106
  tol: 8.720423294008498e-08
seed: 42
cv_n_splits: 5
cv_n_repeats: 10
preprocessing_config:
  eps: 1.0e-06
  min_speed: 0.01
  max_hours: 9999.0
