model_type: gbsa
model_params:
  loss: coxph
  n_estimators: 448
  learning_rate: 0.1054001003440589
  subsample: 0.556330820690224
  max_depth: 6
  max_features: 0.3
  max_leaf_nodes: 16
  min_samples_split: 2
  min_samples_leaf: 16
  min_weight_fraction_leaf: 0.0
  min_impurity_decrease: 0.0431147467889384
  criterion: friedman_mse
  ccp_alpha: 0.0005027164092615269
  dropout_rate: 0.025118772216292752
  validation_fraction: 0.16779081792077835
  n_iter_no_change: null
  tol: 0.001164013865681907
  random_state: 2023
  warm_start: false
  verbose: 0
seed: 2023
cv_n_splits: 5
cv_n_repeats: 10
preprocessing_config:
  eps: 1.0e-06
  min_speed: 0.01
  max_hours: 9999.0
