model_type: coxnet
model_params:
  l1_ratio: 0.09896384270218334
  alpha_min_ratio: 0.06719438230451251
  n_alphas: 116
  max_iter: 9988
  tol: 5.367295122822908e-06
seed: 777
cv_n_splits: 5
cv_n_repeats: 10
preprocessing_config:
  eps: 1.0e-06
  min_speed: 0.01
  max_hours: 9999.0
