model_type: coxnet
model_params:
  l1_ratio: 0.9837367435864162
  alpha_min_ratio: 0.09356252663330185
  n_alphas: 57
  max_iter: 872
  tol: 8.689553782323841e-07
seed: 42
cv_n_splits: 5
cv_n_repeats: 10
preprocessing_config:
  eps: 1.0e-06
  min_speed: 0.01
  max_hours: 9999.0
