model_type: coxnet
model_params:
  l1_ratio: 0.5113216722850272
  alpha_min_ratio: 0.00015929619596857862
  n_alphas: 104
  max_iter: 1468
  tol: 1.690741228967586e-08
seed: 42
cv_n_splits: 5
cv_n_repeats: 10
preprocessing_config:
  eps: 1.0e-06
  min_speed: 0.01
  max_hours: 9999.0
