model_type: gbsa
model_params:
  loss: coxph
  n_estimators: 436
  learning_rate: 0.14700103304324091
  subsample: 0.5866757504854831
  max_depth: 3
  max_features: sqrt
  max_leaf_nodes: 8
  min_samples_split: 19
  min_samples_leaf: 5
  min_weight_fraction_leaf: 0.0
  min_impurity_decrease: 0.04695417913721213
  criterion: friedman_mse
  ccp_alpha: 0.0008859897058214771
  dropout_rate: 0.015076255729925402
  validation_fraction: 0.23709329682047015
  n_iter_no_change: null
  tol: 3.620833204468301e-05
  random_state: 777
  warm_start: false
  verbose: 0
seed: 777
cv_n_splits: 5
cv_n_repeats: 10
preprocessing_config:
  eps: 1.0e-06
  min_speed: 0.01
  max_hours: 9999.0
