model_type: coxnet
model_params:
  l1_ratio: 0.9510216224462829
  alpha_min_ratio: 0.01574872175523695
  n_alphas: 207
  max_iter: 13429
  tol: 1.4273044082809887e-07
seed: 2023
cv_n_splits: 5
cv_n_repeats: 10
preprocessing_config:
  eps: 1.0e-06
  min_speed: 0.01
  max_hours: 9999.0
