model_type: coxnet
model_params:
  l1_ratio: 0.8956804661758077
  alpha_min_ratio: 0.02849591413065695
  n_alphas: 250
  max_iter: 19730
  tol: 2.1702180647011696e-05
seed: 42
cv_n_splits: 5
cv_n_repeats: 10
preprocessing_config:
  eps: 1.0e-06
  min_speed: 0.01
  max_hours: 9999.0
