model_type: coxnet
model_params:
  l1_ratio: 0.5945806897451172
  alpha_min_ratio: 0.0018469377987039171
  n_alphas: 63
  max_iter: 105
  tol: 1.2802705454408119e-06
seed: 42
cv_n_splits: 5
cv_n_repeats: 10
preprocessing_config:
  eps: 1.0e-06
  min_speed: 0.01
  max_hours: 9999.0
