model_type: gbsa
model_params:
  loss: coxph
  n_estimators: 477
  learning_rate: 0.02967977561298381
  subsample: 0.5432353346482885
  max_depth: 1
  max_features: sqrt
  max_leaf_nodes: 16
  min_samples_split: 16
  min_samples_leaf: 3
  min_weight_fraction_leaf: 0.0
  min_impurity_decrease: 0.014747439068766854
  criterion: friedman_mse
  ccp_alpha: 2.9928171252733267e-06
  dropout_rate: 0.004106033872890337
  validation_fraction: 0.27475161737688086
  n_iter_no_change: null
  tol: 0.0004014954395615732
  random_state: 2023
  warm_start: false
  verbose: 0
seed: 2023
cv_n_splits: 5
cv_n_repeats: 10
preprocessing_config:
  eps: 1.0e-06
  min_speed: 0.01
  max_hours: 9999.0
