model_type: coxnet
model_params:
  l1_ratio: 0.9385209360429015
  alpha_min_ratio: 0.05685808695143063
  n_alphas: 236
  max_iter: 19611
  tol: 5.5864581835929845e-05
seed: 42
cv_n_splits: 5
cv_n_repeats: 10
preprocessing_config:
  eps: 1.0e-06
  min_speed: 0.01
  max_hours: 9999.0
