model_type: coxnet
model_params:
  l1_ratio: 0.9461698772225904
  alpha_min_ratio: 0.044130341801095825
  n_alphas: 224
  max_iter: 119
  tol: 7.698826278549035e-05
seed: 42
cv_n_splits: 5
cv_n_repeats: 10
preprocessing_config:
  eps: 1.0e-06
  min_speed: 0.01
  max_hours: 9999.0
