model_type: coxnet
model_params:
  l1_ratio: 0.9745826751374664
  alpha_min_ratio: 0.07916673460311861
  n_alphas: 232
  max_iter: 14831
  tol: 3.006704465935543e-05
seed: 42
cv_n_splits: 5
cv_n_repeats: 10
preprocessing_config:
  eps: 1.0e-06
  min_speed: 0.01
  max_hours: 9999.0
