model_type: coxnet
model_params:
  l1_ratio: 0.7436075887858011
  alpha_min_ratio: 0.03966644365157124
  n_alphas: 84
  max_iter: 14086
  tol: 2.7205968043231807e-07
seed: 777
cv_n_splits: 5
cv_n_repeats: 10
preprocessing_config:
  eps: 1.0e-06
  min_speed: 0.01
  max_hours: 9999.0
