seed: 42
cv_n_splits: 5
cv_n_repeats: 10
gbsa_config:
  loss: coxph
  n_estimators: 372
  learning_rate: 0.025113184247338695
  subsample: 0.598709983198369
  max_depth: 4
  max_features: null
  max_leaf_nodes: 31
  min_samples_split: 9
  min_samples_leaf: 11
  min_weight_fraction_leaf: 0.0
  min_impurity_decrease: 0.03913811239941013
  criterion: friedman_mse
  ccp_alpha: 5.0363233296810214e-05
  dropout_rate: 0.005991006342568517
  validation_fraction: 0.2964024037574887
  n_iter_no_change: null
  tol: 0.0002898078073792734
  random_state: 42
  warm_start: false
  verbose: 0
preprocessing_config:
  eps: 1.0e-06
  min_speed: 0.01
  max_hours: 9999.0
