model_type: gbsa
model_params:
  loss: coxph
  n_estimators: 78
  learning_rate: 0.11844805742458715
  subsample: 0.7613365478406187
  max_depth: 1
  max_features: 0.5
  max_leaf_nodes: 31
  min_samples_split: 20
  min_samples_leaf: 17
  min_weight_fraction_leaf: 0.0
  min_impurity_decrease: 0.04533188405316704
  criterion: friedman_mse
  ccp_alpha: 0.0020638387264983165
  dropout_rate: 0.01139656254213405
  validation_fraction: 0.25943055281268107
  n_iter_no_change: 20
  tol: 0.0015360183024753541
  random_state: 1024
  warm_start: false
  verbose: 0
seed: 1024
cv_n_splits: 5
cv_n_repeats: 10
preprocessing_config:
  eps: 1.0e-06
  min_speed: 0.01
  max_hours: 9999.0
