model_type: coxnet
model_params:
  l1_ratio: 0.9590836971162917
  alpha_min_ratio: 0.0787537859900305
  n_alphas: 189
  max_iter: 18963
  tol: 1.2840373788720566e-08
seed: 2023
cv_n_splits: 5
cv_n_repeats: 10
preprocessing_config:
  eps: 1.0e-06
  min_speed: 0.01
  max_hours: 9999.0
