model_type: coxnet
model_params:
  l1_ratio: 0.9072403515499112
  alpha_min_ratio: 0.04325929622214417
  n_alphas: 208
  max_iter: 19384
  tol: 3.7216003176615597e-06
seed: 42
cv_n_splits: 5
cv_n_repeats: 10
preprocessing_config:
  eps: 1.0e-06
  min_speed: 0.01
  max_hours: 9999.0
