model_type: coxnet
model_params:
  l1_ratio: 0.8518296773285786
  alpha_min_ratio: 0.016510994280723383
  n_alphas: 132
  max_iter: 19730
  tol: 3.796969571440863e-08
seed: 2023
cv_n_splits: 5
cv_n_repeats: 10
preprocessing_config:
  eps: 1.0e-06
  min_speed: 0.01
  max_hours: 9999.0
