model_type: coxnet
model_params:
  l1_ratio: 0.1620770068673989
  alpha_min_ratio: 0.0010324667614769484
  n_alphas: 95
  max_iter: 8429
  tol: 1.3886501378861942e-08
seed: 2023
cv_n_splits: 5
cv_n_repeats: 10
preprocessing_config:
  eps: 1.0e-06
  min_speed: 0.01
  max_hours: 9999.0
