model_type: coxnet
model_params:
  l1_ratio: 0.8699701095286013
  alpha_min_ratio: 0.01430912517489094
  n_alphas: 245
  max_iter: 561
  tol: 4.8076893231559226e-05
seed: 42
cv_n_splits: 5
cv_n_repeats: 10
preprocessing_config:
  eps: 1.0e-06
  min_speed: 0.01
  max_hours: 9999.0
