model_type: coxnet
model_params:
  l1_ratio: 0.8906263608640261
  alpha_min_ratio: 0.024518904041239832
  n_alphas: 102
  max_iter: 7666
  tol: 7.925901977417231e-05
seed: 777
cv_n_splits: 5
cv_n_repeats: 10
preprocessing_config:
  eps: 1.0e-06
  min_speed: 0.01
  max_hours: 9999.0
