model_type: gbsa
model_params:
  loss: coxph
  n_estimators: 134
  learning_rate: 0.17507452848525215
  subsample: 0.5546553223661005
  max_depth: 3
  max_features: 0.3
  max_leaf_nodes: 63
  min_samples_split: 15
  min_samples_leaf: 20
  min_weight_fraction_leaf: 0.0
  min_impurity_decrease: 0.009792889593288803
  criterion: friedman_mse
  ccp_alpha: 0.03157500959568927
  dropout_rate: 0.24011640213882218
  validation_fraction: 0.11075611326265267
  n_iter_no_change: 20
  tol: 0.009286832713824106
  random_state: 2023
  warm_start: false
  verbose: 0
seed: 2023
cv_n_splits: 5
cv_n_repeats: 10
preprocessing_config:
  eps: 1.0e-06
  min_speed: 0.01
  max_hours: 9999.0
