model_type: coxnet
model_params:
  l1_ratio: 0.9701788061661208
  alpha_min_ratio: 0.08897040834925844
  n_alphas: 235
  max_iter: 17827
  tol: 6.698425170561133e-05
seed: 1024
cv_n_splits: 5
cv_n_repeats: 10
preprocessing_config:
  eps: 1.0e-06
  min_speed: 0.01
  max_hours: 9999.0
