model_type: gbsa
model_params:
  loss: coxph
  n_estimators: 112
  learning_rate: 0.054395813472045446
  subsample: 0.6130762661629952
  max_depth: 6
  max_features: sqrt
  max_leaf_nodes: null
  min_samples_split: 2
  min_samples_leaf: 11
  min_weight_fraction_leaf: 0.0
  min_impurity_decrease: 0.044411539973875626
  criterion: friedman_mse
  ccp_alpha: 1.4326204272327786e-07
  dropout_rate: 0.047325302338257144
  validation_fraction: 0.13507899112864924
  n_iter_no_change: null
  tol: 3.197595064915438e-05
  random_state: 42
  warm_start: false
  verbose: 0
seed: 42
cv_n_splits: 5
cv_n_repeats: 10
preprocessing_config:
  eps: 1.0e-06
  min_speed: 0.01
  max_hours: 9999.0
