model_type: gbsa
model_params:
  loss: coxph
  n_estimators: 118
  learning_rate: 0.061210007186911435
  subsample: 0.9364934552478753
  max_depth: 4
  max_features: 0.7
  max_leaf_nodes: 63
  min_samples_split: 18
  min_samples_leaf: 3
  min_weight_fraction_leaf: 0.0
  min_impurity_decrease: 0.009446499563532154
  criterion: friedman_mse
  ccp_alpha: 2.9239583062553502e-05
  dropout_rate: 0.07446787122705749
  validation_fraction: 0.29195990218485146
  n_iter_no_change: null
  tol: 0.008695263981518934
  random_state: 1024
  warm_start: false
  verbose: 0
seed: 1024
cv_n_splits: 5
cv_n_repeats: 10
preprocessing_config:
  eps: 1.0e-06
  min_speed: 0.01
  max_hours: 9999.0
