model_type: coxnet
model_params:
  l1_ratio: 0.9349421492206564
  alpha_min_ratio: 0.06116796622323206
  n_alphas: 74
  max_iter: 924
  tol: 2.5716116473653864e-06
seed: 42
cv_n_splits: 5
cv_n_repeats: 10
preprocessing_config:
  eps: 1.0e-06
  min_speed: 0.01
  max_hours: 9999.0
