model_type: coxnet
model_params:
  l1_ratio: 0.8681997686582772
  alpha_min_ratio: 0.004477304242575356
  n_alphas: 251
  max_iter: 392
  tol: 7.950952246714148e-08
seed: 42
cv_n_splits: 5
cv_n_repeats: 10
preprocessing_config:
  eps: 1.0e-06
  min_speed: 0.01
  max_hours: 9999.0
