model_type: coxnet
model_params:
  l1_ratio: 0.996434151022863
  alpha_min_ratio: 0.023979751196787233
  n_alphas: 220
  max_iter: 13301
  tol: 3.285350529149319e-05
seed: 777
cv_n_splits: 5
cv_n_repeats: 10
preprocessing_config:
  eps: 1.0e-06
  min_speed: 0.01
  max_hours: 9999.0
