model_type: coxnet
model_params:
  l1_ratio: 0.7520649929105139
  alpha_min_ratio: 0.03902263934102943
  n_alphas: 258
  max_iter: 17592
  tol: 8.250066526718456e-05
seed: 1024
cv_n_splits: 5
cv_n_repeats: 10
preprocessing_config:
  eps: 1.0e-06
  min_speed: 0.01
  max_hours: 9999.0
