model_type: gbsa
model_params:
  loss: coxph
  n_estimators: 480
  learning_rate: 0.09125321933378074
  subsample: 0.6669367570714765
  max_depth: 3
  max_features: 0.5
  max_leaf_nodes: 63
  min_samples_split: 19
  min_samples_leaf: 9
  min_weight_fraction_leaf: 0.0
  min_impurity_decrease: 0.014832353067737713
  criterion: friedman_mse
  ccp_alpha: 6.508410627960749e-07
  dropout_rate: 0.099566617646288
  validation_fraction: 0.24131129360760056
  n_iter_no_change: 20
  tol: 0.0024718834072655306
  random_state: 1024
  warm_start: false
  verbose: 0
seed: 1024
cv_n_splits: 5
cv_n_repeats: 10
preprocessing_config:
  eps: 1.0e-06
  min_speed: 0.01
  max_hours: 9999.0
