model_type: coxnet
model_params:
  l1_ratio: 0.9899242186951074
  alpha_min_ratio: 0.0845166725073711
  n_alphas: 218
  max_iter: 15461
  tol: 7.552690588331962e-05
seed: 1024
cv_n_splits: 5
cv_n_repeats: 10
preprocessing_config:
  eps: 1.0e-06
  min_speed: 0.01
  max_hours: 9999.0
