model_type: gbsa
model_params:
  loss: coxph
  n_estimators: 307
  learning_rate: 0.004729402270486731
  subsample: 0.5328898695746568
  max_depth: 5
  max_features: 1.0
  max_leaf_nodes: 63
  min_samples_split: 7
  min_samples_leaf: 8
  min_weight_fraction_leaf: 0.0
  min_impurity_decrease: 0.03887653814302608
  criterion: friedman_mse
  ccp_alpha: 4.367712027544342e-07
  dropout_rate: 0.020421199669181093
  validation_fraction: 0.28310384795710175
  n_iter_no_change: 10
  tol: 0.0003888146195379754
  random_state: 777
  warm_start: false
  verbose: 0
seed: 777
cv_n_splits: 5
cv_n_repeats: 10
preprocessing_config:
  eps: 1.0e-06
  min_speed: 0.01
  max_hours: 9999.0
