model_type: gbsa
model_params:
  loss: coxph
  n_estimators: 391
  learning_rate: 0.1441152287300434
  subsample: 0.5337271038246105
  max_depth: 4
  max_features: sqrt
  max_leaf_nodes: 8
  min_samples_split: 20
  min_samples_leaf: 1
  min_weight_fraction_leaf: 0.0
  min_impurity_decrease: 0.042331243715484815
  criterion: friedman_mse
  ccp_alpha: 0.07578644468220966
  dropout_rate: 0.034238581658359954
  validation_fraction: 0.23317350712325133
  n_iter_no_change: null
  tol: 1.0389568236964301e-05
  random_state: 777
  warm_start: false
  verbose: 0
seed: 777
cv_n_splits: 5
cv_n_repeats: 10
preprocessing_config:
  eps: 1.0e-06
  min_speed: 0.01
  max_hours: 9999.0
