model_type: coxnet
model_params:
  l1_ratio: 0.9255988500430213
  alpha_min_ratio: 0.042765923395325534
  n_alphas: 112
  max_iter: 9473
  tol: 2.2066397874809243e-08
seed: 1024
cv_n_splits: 5
cv_n_repeats: 10
preprocessing_config:
  eps: 1.0e-06
  min_speed: 0.01
  max_hours: 9999.0
