model_type: coxnet
model_params:
  l1_ratio: 0.9534572807721118
  alpha_min_ratio: 0.08030612052774545
  n_alphas: 241
  max_iter: 19824
  tol: 2.0064607345300794e-06
seed: 2023
cv_n_splits: 5
cv_n_repeats: 10
preprocessing_config:
  eps: 1.0e-06
  min_speed: 0.01
  max_hours: 9999.0
