model_type: coxnet
model_params:
  l1_ratio: 0.7068999488490039
  alpha_min_ratio: 0.00021686662925803394
  n_alphas: 129
  max_iter: 12901
  tol: 8.261396828821957e-07
seed: 777
cv_n_splits: 5
cv_n_repeats: 10
preprocessing_config:
  eps: 1.0e-06
  min_speed: 0.01
  max_hours: 9999.0
