model_type: coxnet
model_params:
  l1_ratio: 0.7701587929353095
  alpha_min_ratio: 0.035177298825916505
  n_alphas: 210
  max_iter: 267
  tol: 6.627303741617255e-08
seed: 42
cv_n_splits: 5
cv_n_repeats: 10
preprocessing_config:
  eps: 1.0e-06
  min_speed: 0.01
  max_hours: 9999.0
