model_type: coxnet
model_params:
  l1_ratio: 0.929302073681663
  alpha_min_ratio: 0.0870516733649321
  n_alphas: 96
  max_iter: 17955
  tol: 9.138493147205581e-07
seed: 2023
cv_n_splits: 5
cv_n_repeats: 10
preprocessing_config:
  eps: 1.0e-06
  min_speed: 0.01
  max_hours: 9999.0
