model_type: coxnet
model_params:
  l1_ratio: 0.5240061926561717
  alpha_min_ratio: 0.0034688341992216883
  n_alphas: 71
  max_iter: 12044
  tol: 4.25864944703072e-06
seed: 1024
cv_n_splits: 5
cv_n_repeats: 10
preprocessing_config:
  eps: 1.0e-06
  min_speed: 0.01
  max_hours: 9999.0
