model_type: gbsa
model_params:
  loss: coxph
  n_estimators: 204
  learning_rate: 0.16021820802753767
  subsample: 0.565229105323965
  max_depth: 5
  max_features: null
  max_leaf_nodes: 8
  min_samples_split: 17
  min_samples_leaf: 17
  min_weight_fraction_leaf: 0.0
  min_impurity_decrease: 0.04252167102748612
  criterion: friedman_mse
  ccp_alpha: 0.00699568446082611
  dropout_rate: 0.15052558418479123
  validation_fraction: 0.2760542191080876
  n_iter_no_change: null
  tol: 1.037720768167739e-05
  random_state: 777
  warm_start: false
  verbose: 0
seed: 777
cv_n_splits: 5
cv_n_repeats: 10
preprocessing_config:
  eps: 1.0e-06
  min_speed: 0.01
  max_hours: 9999.0
