model_type: coxnet
model_params:
  l1_ratio: 0.8968191885175718
  alpha_min_ratio: 0.05680735238754794
  n_alphas: 178
  max_iter: 12206
  tol: 1.5851430160707034e-08
seed: 2023
cv_n_splits: 5
cv_n_repeats: 10
preprocessing_config:
  eps: 1.0e-06
  min_speed: 0.01
  max_hours: 9999.0
