model_type: gbsa
model_params:
  loss: coxph
  n_estimators: 117
  learning_rate: 0.07414953616214105
  subsample: 0.7569857990644103
  max_depth: 6
  max_features: 0.3
  max_leaf_nodes: 8
  min_samples_split: 8
  min_samples_leaf: 12
  min_weight_fraction_leaf: 0.0
  min_impurity_decrease: 0.011038593812985251
  criterion: friedman_mse
  ccp_alpha: 0.004371201245956887
  dropout_rate: 0.01720979955212696
  validation_fraction: 0.2785708829592938
  n_iter_no_change: 20
  tol: 1.5234155891134106e-05
  random_state: 42
  warm_start: false
  verbose: 0
seed: 42
cv_n_splits: 5
cv_n_repeats: 10
preprocessing_config:
  eps: 1.0e-06
  min_speed: 0.01
  max_hours: 9999.0
