model_type: gbsa
model_params:
  loss: coxph
  n_estimators: 386
  learning_rate: 0.1005367821612652
  subsample: 0.917661224278985
  max_depth: 4
  max_features: 0.3
  max_leaf_nodes: 63
  min_samples_split: 15
  min_samples_leaf: 8
  min_weight_fraction_leaf: 0.0
  min_impurity_decrease: 0.0032985071914354534
  criterion: friedman_mse
  ccp_alpha: 1.8685096595085228e-07
  dropout_rate: 0.05143548954122569
  validation_fraction: 0.2977563684209568
  n_iter_no_change: 20
  tol: 0.0023004463486722302
  random_state: 1024
  warm_start: false
  verbose: 0
seed: 1024
cv_n_splits: 5
cv_n_repeats: 10
preprocessing_config:
  eps: 1.0e-06
  min_speed: 0.01
  max_hours: 9999.0
