model_type: coxnet
model_params:
  l1_ratio: 0.9593449964083829
  alpha_min_ratio: 0.08342184385328458
  n_alphas: 269
  max_iter: 1891
  tol: 3.7776111578217683e-06
seed: 42
cv_n_splits: 5
cv_n_repeats: 10
preprocessing_config:
  eps: 1.0e-06
  min_speed: 0.01
  max_hours: 9999.0
