model_type: coxnet
model_params:
  l1_ratio: 0.9941951478934828
  alpha_min_ratio: 0.08073793100292717
  n_alphas: 253
  max_iter: 1635
  tol: 1.5944610929146585e-05
seed: 42
cv_n_splits: 5
cv_n_repeats: 10
preprocessing_config:
  eps: 1.0e-06
  min_speed: 0.01
  max_hours: 9999.0
