model_type: coxnet
model_params:
  l1_ratio: 0.9474890532074424
  alpha_min_ratio: 0.0613118671032973
  n_alphas: 298
  max_iter: 15576
  tol: 5.088230279433071e-06
seed: 42
cv_n_splits: 5
cv_n_repeats: 10
preprocessing_config:
  eps: 1.0e-06
  min_speed: 0.01
  max_hours: 9999.0
