model_type: coxnet
model_params:
  l1_ratio: 0.6504556963846699
  alpha_min_ratio: 0.06210161702105642
  n_alphas: 103
  max_iter: 19594
  tol: 9.378039046166864e-06
seed: 1024
cv_n_splits: 5
cv_n_repeats: 10
preprocessing_config:
  eps: 1.0e-06
  min_speed: 0.01
  max_hours: 9999.0
