model_type: gbsa
model_params:
  loss: coxph
  n_estimators: 486
  learning_rate: 0.025548761435960632
  subsample: 0.9907259268364739
  max_depth: 3
  max_features: 0.3
  max_leaf_nodes: null
  min_samples_split: 15
  min_samples_leaf: 5
  min_weight_fraction_leaf: 0.0
  min_impurity_decrease: 0.03713415393869016
  criterion: friedman_mse
  ccp_alpha: 1.1603803033393803e-05
  dropout_rate: 0.07530313433796001
  validation_fraction: 0.2358133193225704
  n_iter_no_change: null
  tol: 0.0004946274583003832
  random_state: 1024
  warm_start: false
  verbose: 0
seed: 1024
cv_n_splits: 5
cv_n_repeats: 10
preprocessing_config:
  eps: 1.0e-06
  min_speed: 0.01
  max_hours: 9999.0
