model_type: gbsa
model_params:
  loss: coxph
  n_estimators: 334
  learning_rate: 0.06643467834055808
  subsample: 0.642573984267728
  max_depth: 6
  max_features: null
  max_leaf_nodes: null
  min_samples_split: 15
  min_samples_leaf: 19
  min_weight_fraction_leaf: 0.0
  min_impurity_decrease: 0.012126976407652389
  criterion: friedman_mse
  ccp_alpha: 0.00012946127180792747
  dropout_rate: 0.05071557737233777
  validation_fraction: 0.11352511218063341
  n_iter_no_change: 20
  tol: 0.00015540398346462674
  random_state: 2023
  warm_start: false
  verbose: 0
seed: 2023
cv_n_splits: 5
cv_n_repeats: 10
preprocessing_config:
  eps: 1.0e-06
  min_speed: 0.01
  max_hours: 9999.0
