model_type: coxnet
model_params:
  l1_ratio: 0.9435481434906945
  alpha_min_ratio: 0.07804666817045751
  n_alphas: 55
  max_iter: 15022
  tol: 4.11306780201389e-05
seed: 2023
cv_n_splits: 5
cv_n_repeats: 10
preprocessing_config:
  eps: 1.0e-06
  min_speed: 0.01
  max_hours: 9999.0
