model_type: gbsa
model_params:
  loss: coxph
  n_estimators: 63
  learning_rate: 0.07969147161061467
  subsample: 0.8356885981131497
  max_depth: 6
  max_features: sqrt
  max_leaf_nodes: 8
  min_samples_split: 4
  min_samples_leaf: 13
  min_weight_fraction_leaf: 0.0
  min_impurity_decrease: 0.04559119335156979
  criterion: friedman_mse
  ccp_alpha: 5.640986359372722e-05
  dropout_rate: 0.001467103134080711
  validation_fraction: 0.11907705601371418
  n_iter_no_change: 10
  tol: 7.614378493223697e-05
  random_state: 42
  warm_start: false
  verbose: 0
seed: 42
cv_n_splits: 5
cv_n_repeats: 10
preprocessing_config:
  eps: 1.0e-06
  min_speed: 0.01
  max_hours: 9999.0
