model_type: gbsa
model_params:
  loss: coxph
  n_estimators: 303
  learning_rate: 0.14524262483581604
  subsample: 0.7583033965354145
  max_depth: 6
  max_features: 0.7
  max_leaf_nodes: null
  min_samples_split: 12
  min_samples_leaf: 20
  min_weight_fraction_leaf: 0.0
  min_impurity_decrease: 0.011227412223876406
  criterion: friedman_mse
  ccp_alpha: 0.032187961864628335
  dropout_rate: 0.028551864292208313
  validation_fraction: 0.199034032857118
  n_iter_no_change: null
  tol: 4.618488815338008e-05
  random_state: 42
  warm_start: false
  verbose: 0
seed: 42
cv_n_splits: 5
cv_n_repeats: 10
preprocessing_config:
  eps: 1.0e-06
  min_speed: 0.01
  max_hours: 9999.0
