model_type: gbsa
model_params:
  loss: coxph
  n_estimators: 221
  learning_rate: 0.17339904886722318
  subsample: 0.6523632794263727
  max_depth: 4
  max_features: 0.3
  max_leaf_nodes: 16
  min_samples_split: 19
  min_samples_leaf: 3
  min_weight_fraction_leaf: 0.0
  min_impurity_decrease: 0.015210786930497799
  criterion: friedman_mse
  ccp_alpha: 0.0010101872367185487
  dropout_rate: 0.14691048312303476
  validation_fraction: 0.24409273040035923
  n_iter_no_change: 20
  tol: 0.004686684142215451
  random_state: 1024
  warm_start: false
  verbose: 0
seed: 1024
cv_n_splits: 5
cv_n_repeats: 10
preprocessing_config:
  eps: 1.0e-06
  min_speed: 0.01
  max_hours: 9999.0
