model_type: coxnet
model_params:
  l1_ratio: 0.9745475371623874
  alpha_min_ratio: 0.01431543703270776
  n_alphas: 251
  max_iter: 9129
  tol: 1.544475362286941e-08
seed: 2023
cv_n_splits: 5
cv_n_repeats: 10
preprocessing_config:
  eps: 1.0e-06
  min_speed: 0.01
  max_hours: 9999.0
