model_type: gbsa
model_params:
  loss: coxph
  n_estimators: 54
  learning_rate: 0.15785097935246975
  subsample: 0.939634977776016
  max_depth: 3
  max_features: 1.0
  max_leaf_nodes: 16
  min_samples_split: 16
  min_samples_leaf: 2
  min_weight_fraction_leaf: 0.0
  min_impurity_decrease: 0.007352271077154067
  criterion: friedman_mse
  ccp_alpha: 2.7955740399523126e-08
  dropout_rate: 0.19090694346811152
  validation_fraction: 0.1663630974822107
  n_iter_no_change: null
  tol: 0.00020126133383672242
  random_state: 1024
  warm_start: false
  verbose: 0
seed: 1024
cv_n_splits: 5
cv_n_repeats: 10
preprocessing_config:
  eps: 1.0e-06
  min_speed: 0.01
  max_hours: 9999.0
