model_type: coxnet
model_params:
  l1_ratio: 0.9809229986923
  alpha_min_ratio: 0.04800378600374656
  n_alphas: 268
  max_iter: 17335
  tol: 7.699856167474223e-06
seed: 2023
cv_n_splits: 5
cv_n_repeats: 10
preprocessing_config:
  eps: 1.0e-06
  min_speed: 0.01
  max_hours: 9999.0
