model_type: gbsa
model_params:
  loss: coxph
  n_estimators: 221
  learning_rate: 0.1267253561405303
  subsample: 0.8664593608289947
  max_depth: 5
  max_features: log2
  max_leaf_nodes: null
  min_samples_split: 11
  min_samples_leaf: 15
  min_weight_fraction_leaf: 0.0
  min_impurity_decrease: 0.016302966471553958
  criterion: friedman_mse
  ccp_alpha: 0.0036786683161158756
  dropout_rate: 0.13340005630157237
  validation_fraction: 0.1333149324182505
  n_iter_no_change: null
  tol: 0.00012071391963361056
  random_state: 42
  warm_start: false
  verbose: 0
seed: 42
cv_n_splits: 5
cv_n_repeats: 10
preprocessing_config:
  eps: 1.0e-06
  min_speed: 0.01
  max_hours: 9999.0
