model_type: coxnet
model_params:
  l1_ratio: 0.9722834265055369
  alpha_min_ratio: 0.0017136935532693614
  n_alphas: 231
  max_iter: 13603
  tol: 7.462787225464943e-08
seed: 2023
cv_n_splits: 5
cv_n_repeats: 10
preprocessing_config:
  eps: 1.0e-06
  min_speed: 0.01
  max_hours: 9999.0
