model_type: gbsa
model_params:
  loss: coxph
  n_estimators: 294
  learning_rate: 0.11903655781821157
  subsample: 0.5255319946868499
  max_depth: 6
  max_features: 0.5
  max_leaf_nodes: 63
  min_samples_split: 2
  min_samples_leaf: 14
  min_weight_fraction_leaf: 0.0
  min_impurity_decrease: 0.01673206503038249
  criterion: friedman_mse
  ccp_alpha: 1.0604014370857923e-05
  dropout_rate: 0.034360969102922856
  validation_fraction: 0.1857848514704576
  n_iter_no_change: null
  tol: 0.0005144507484815185
  random_state: 2023
  warm_start: false
  verbose: 0
seed: 2023
cv_n_splits: 5
cv_n_repeats: 10
preprocessing_config:
  eps: 1.0e-06
  min_speed: 0.01
  max_hours: 9999.0
