model_type: coxnet
model_params:
  l1_ratio: 0.9847693682908153
  alpha_min_ratio: 0.0961449938752925
  n_alphas: 287
  max_iter: 13738
  tol: 3.059446633162468e-07
seed: 42
cv_n_splits: 5
cv_n_repeats: 10
preprocessing_config:
  eps: 1.0e-06
  min_speed: 0.01
  max_hours: 9999.0
