seed: 42
cv_n_splits: 5
cv_n_repeats: 10
gbsa_config:
  loss: coxph
  n_estimators: 372
  learning_rate: 0.15555041702535913
  subsample: 0.8543662068510318
  max_depth: 3
  max_features: 0.3
  max_leaf_nodes: null
  min_samples_split: 3
  min_samples_leaf: 9
  min_weight_fraction_leaf: 0.0
  min_impurity_decrease: 0.03521829135222536
  criterion: friedman_mse
  ccp_alpha: 0.08604634641359335
  dropout_rate: 0.07245241206802433
  validation_fraction: 0.1753467568800127
  n_iter_no_change: null
  tol: 0.0009450610167832116
  random_state: 42
  warm_start: false
  verbose: 0
preprocessing_config:
  eps: 1.0e-06
  min_speed: 0.01
  max_hours: 9999.0
