model_type: coxnet
model_params:
  l1_ratio: 0.9821070023660914
  alpha_min_ratio: 0.049287265411691365
  n_alphas: 244
  max_iter: 17690
  tol: 8.05768949367676e-06
seed: 42
cv_n_splits: 5
cv_n_repeats: 10
preprocessing_config:
  eps: 1.0e-06
  min_speed: 0.01
  max_hours: 9999.0
