model_type: coxnet
model_params:
  l1_ratio: 0.9959715857746759
  alpha_min_ratio: 0.06371602834542277
  n_alphas: 270
  max_iter: 1391
  tol: 3.298592328678665e-05
seed: 42
cv_n_splits: 5
cv_n_repeats: 10
preprocessing_config:
  eps: 1.0e-06
  min_speed: 0.01
  max_hours: 9999.0
