model_type: gbsa
model_params:
  loss: coxph
  n_estimators: 77
  learning_rate: 0.0708693605205224
  subsample: 0.7174368878067662
  max_depth: 6
  max_features: sqrt
  max_leaf_nodes: null
  min_samples_split: 5
  min_samples_leaf: 20
  min_weight_fraction_leaf: 0.0
  min_impurity_decrease: 0.046141267665226325
  criterion: friedman_mse
  ccp_alpha: 0.005203478982154039
  dropout_rate: 0.037295596022904484
  validation_fraction: 0.1921725937990181
  n_iter_no_change: null
  tol: 1.3944763021370488e-05
  random_state: 42
  warm_start: false
  verbose: 0
seed: 42
cv_n_splits: 5
cv_n_repeats: 10
preprocessing_config:
  eps: 1.0e-06
  min_speed: 0.01
  max_hours: 9999.0
