model_type: gbsa
model_params:
  loss: coxph
  n_estimators: 342
  learning_rate: 0.19675602967103578
  subsample: 0.759401632221739
  max_depth: 4
  max_features: sqrt
  max_leaf_nodes: 31
  min_samples_split: 17
  min_samples_leaf: 4
  min_weight_fraction_leaf: 0.0
  min_impurity_decrease: 0.040725950294730896
  criterion: friedman_mse
  ccp_alpha: 1.0100012149674989e-07
  dropout_rate: 0.34174256237185985
  validation_fraction: 0.11132316566662047
  n_iter_no_change: null
  tol: 1.412297245233238e-05
  random_state: 1024
  warm_start: false
  verbose: 0
seed: 1024
cv_n_splits: 5
cv_n_repeats: 10
preprocessing_config:
  eps: 1.0e-06
  min_speed: 0.01
  max_hours: 9999.0
