model_type: coxnet
model_params:
  l1_ratio: 0.9157982043688441
  alpha_min_ratio: 0.09039817436542333
  n_alphas: 226
  max_iter: 1848
  tol: 2.1593448346612093e-05
seed: 42
cv_n_splits: 5
cv_n_repeats: 10
preprocessing_config:
  eps: 1.0e-06
  min_speed: 0.01
  max_hours: 9999.0
