model_type: gbsa
model_params:
  loss: coxph
  n_estimators: 208
  learning_rate: 0.10512273585901966
  subsample: 0.7969727231728319
  max_depth: 6
  max_features: sqrt
  max_leaf_nodes: 31
  min_samples_split: 2
  min_samples_leaf: 9
  min_weight_fraction_leaf: 0.0
  min_impurity_decrease: 0.02333484127218004
  criterion: friedman_mse
  ccp_alpha: 0.004220632765049438
  dropout_rate: 0.011110014277952166
  validation_fraction: 0.2825581307038874
  n_iter_no_change: 10
  tol: 1.7347510004079687e-05
  random_state: 42
  warm_start: false
  verbose: 0
seed: 42
cv_n_splits: 5
cv_n_repeats: 10
preprocessing_config:
  eps: 1.0e-06
  min_speed: 0.01
  max_hours: 9999.0
