model_type: gbsa
model_params:
  loss: coxph
  n_estimators: 71
  learning_rate: 0.03337630717666207
  subsample: 0.5582359261588904
  max_depth: 4
  max_features: 1.0
  max_leaf_nodes: 16
  min_samples_split: 19
  min_samples_leaf: 9
  min_weight_fraction_leaf: 0.0
  min_impurity_decrease: 0.04900385626550268
  criterion: friedman_mse
  ccp_alpha: 0.00011536019149528528
  dropout_rate: 0.09113052795168655
  validation_fraction: 0.17378773871364006
  n_iter_no_change: 10
  tol: 0.003953339537919612
  random_state: 1024
  warm_start: false
  verbose: 0
seed: 1024
cv_n_splits: 5
cv_n_repeats: 10
preprocessing_config:
  eps: 1.0e-06
  min_speed: 0.01
  max_hours: 9999.0
