model_type: coxnet
model_params:
  l1_ratio: 0.8968174811008077
  alpha_min_ratio: 0.02410112287276046
  n_alphas: 54
  max_iter: 18527
  tol: 3.986669145270557e-06
seed: 777
cv_n_splits: 5
cv_n_repeats: 10
preprocessing_config:
  eps: 1.0e-06
  min_speed: 0.01
  max_hours: 9999.0
