model_type: gbsa
model_params:
  loss: coxph
  n_estimators: 383
  learning_rate: 0.07616990115094112
  subsample: 0.8380870959145723
  max_depth: 3
  max_features: 0.3
  max_leaf_nodes: 16
  min_samples_split: 3
  min_samples_leaf: 13
  min_weight_fraction_leaf: 0.0
  min_impurity_decrease: 0.031232906834161966
  criterion: friedman_mse
  ccp_alpha: 0.003960982141219333
  dropout_rate: 0.015337788741990908
  validation_fraction: 0.14377641455000956
  n_iter_no_change: 20
  tol: 0.0038115989964417106
  random_state: 42
  warm_start: false
  verbose: 0
seed: 42
cv_n_splits: 5
cv_n_repeats: 10
preprocessing_config:
  eps: 1.0e-06
  min_speed: 0.01
  max_hours: 9999.0
