model_type: coxnet
model_params:
  l1_ratio: 0.8177513100404749
  alpha_min_ratio: 0.09486861438754432
  n_alphas: 173
  max_iter: 14549
  tol: 1.9622243898376713e-08
seed: 2023
cv_n_splits: 5
cv_n_repeats: 10
preprocessing_config:
  eps: 1.0e-06
  min_speed: 0.01
  max_hours: 9999.0
