model_type: coxnet
model_params:
  l1_ratio: 0.7233472583950664
  alpha_min_ratio: 0.02225153547991938
  n_alphas: 175
  max_iter: 15728
  tol: 4.843750060554565e-06
seed: 777
cv_n_splits: 5
cv_n_repeats: 10
preprocessing_config:
  eps: 1.0e-06
  min_speed: 0.01
  max_hours: 9999.0
