model_type: coxnet
model_params:
  l1_ratio: 0.8125198088306372
  alpha_min_ratio: 0.0618233296636537
  n_alphas: 195
  max_iter: 16115
  tol: 2.183364877171858e-05
seed: 42
cv_n_splits: 5
cv_n_repeats: 10
preprocessing_config:
  eps: 1.0e-06
  min_speed: 0.01
  max_hours: 9999.0
