model_type: coxnet
model_params:
  l1_ratio: 0.6590291394569981
  alpha_min_ratio: 0.0003665382376754259
  n_alphas: 94
  max_iter: 1237
  tol: 3.6648148473869465e-08
seed: 42
cv_n_splits: 5
cv_n_repeats: 10
preprocessing_config:
  eps: 1.0e-06
  min_speed: 0.01
  max_hours: 9999.0
