model_type: gbsa
model_params:
  loss: coxph
  n_estimators: 442
  learning_rate: 0.038693368076393876
  subsample: 0.5054515068841046
  max_depth: 1
  max_features: 0.3
  max_leaf_nodes: 16
  min_samples_split: 19
  min_samples_leaf: 18
  min_weight_fraction_leaf: 0.0
  min_impurity_decrease: 0.016739162132668083
  criterion: friedman_mse
  ccp_alpha: 0.00044273304212026025
  dropout_rate: 0.04643948559817017
  validation_fraction: 0.13870597666022164
  n_iter_no_change: null
  tol: 4.548877681723094e-05
  random_state: 2023
  warm_start: false
  verbose: 0
seed: 2023
cv_n_splits: 5
cv_n_repeats: 10
preprocessing_config:
  eps: 1.0e-06
  min_speed: 0.01
  max_hours: 9999.0
