model_type: coxnet
model_params:
  l1_ratio: 0.8951229793906483
  alpha_min_ratio: 0.08445153196937062
  n_alphas: 230
  max_iter: 13414
  tol: 1.7922873582906115e-07
seed: 2023
cv_n_splits: 5
cv_n_repeats: 10
preprocessing_config:
  eps: 1.0e-06
  min_speed: 0.01
  max_hours: 9999.0
