seed: 42
cv_n_splits: 5
cv_n_repeats: 10
gbsa_config:
  loss: coxph
  n_estimators: 307
  learning_rate: 0.08908672663139715
  subsample: 0.7925218113923831
  max_depth: 4
  max_features: 0.3
  max_leaf_nodes: 63
  min_samples_split: 7
  min_samples_leaf: 2
  min_weight_fraction_leaf: 0.0
  min_impurity_decrease: 0.040951479687236905
  criterion: friedman_mse
  ccp_alpha: 0.001272350487245054
  dropout_rate: 0.024702046673670108
  validation_fraction: 0.14144950395080025
  n_iter_no_change: null
  tol: 0.003415965679841089
  random_state: 42
  warm_start: false
  verbose: 0
preprocessing_config:
  eps: 1.0e-06
  min_speed: 0.01
  max_hours: 9999.0
