model_type: gbsa
model_params:
  loss: coxph
  n_estimators: 465
  learning_rate: 0.03960424895678423
  subsample: 0.8064815397759115
  max_depth: 5
  max_features: 0.5
  max_leaf_nodes: 8
  min_samples_split: 7
  min_samples_leaf: 3
  min_weight_fraction_leaf: 0.0
  min_impurity_decrease: 0.035664721025492147
  criterion: friedman_mse
  ccp_alpha: 2.456709201058775e-07
  dropout_rate: 0.0350328393509706
  validation_fraction: 0.28774647700657274
  n_iter_no_change: null
  tol: 3.544112151358366e-05
  random_state: 777
  warm_start: false
  verbose: 0
seed: 777
cv_n_splits: 5
cv_n_repeats: 10
preprocessing_config:
  eps: 1.0e-06
  min_speed: 0.01
  max_hours: 9999.0
