model_type: coxnet
model_params:
  l1_ratio: 0.9844780665436754
  alpha_min_ratio: 0.023210960173664877
  n_alphas: 209
  max_iter: 19478
  tol: 1.3833734525738312e-06
seed: 1024
cv_n_splits: 5
cv_n_repeats: 10
preprocessing_config:
  eps: 1.0e-06
  min_speed: 0.01
  max_hours: 9999.0
