model_type: coxnet
model_params:
  l1_ratio: 0.6468371494317818
  alpha_min_ratio: 0.006567556525434472
  n_alphas: 282
  max_iter: 16273
  tol: 1.585989490679221e-08
seed: 2023
cv_n_splits: 5
cv_n_repeats: 10
preprocessing_config:
  eps: 1.0e-06
  min_speed: 0.01
  max_hours: 9999.0
