model_type: coxnet
model_params:
  l1_ratio: 0.6362318586180471
  alpha_min_ratio: 0.0004676948455814171
  n_alphas: 206
  max_iter: 10864
  tol: 1.8393024838784738e-08
seed: 2023
cv_n_splits: 5
cv_n_repeats: 10
preprocessing_config:
  eps: 1.0e-06
  min_speed: 0.01
  max_hours: 9999.0
