model_type: gbsa
model_params:
  loss: coxph
  n_estimators: 404
  learning_rate: 0.037246061113386075
  subsample: 0.638494707883939
  max_depth: 6
  max_features: 0.7
  max_leaf_nodes: 31
  min_samples_split: 6
  min_samples_leaf: 14
  min_weight_fraction_leaf: 0.0
  min_impurity_decrease: 0.01524963238489999
  criterion: friedman_mse
  ccp_alpha: 0.001036464173549168
  dropout_rate: 0.003810448877061638
  validation_fraction: 0.24397528147221012
  n_iter_no_change: null
  tol: 3.2533547937257594e-05
  random_state: 42
  warm_start: false
  verbose: 0
seed: 42
cv_n_splits: 5
cv_n_repeats: 10
preprocessing_config:
  eps: 1.0e-06
  min_speed: 0.01
  max_hours: 9999.0
