model_type: gbsa
model_params:
  loss: coxph
  n_estimators: 289
  learning_rate: 0.1645334360608828
  subsample: 0.71459769288825
  max_depth: 3
  max_features: log2
  max_leaf_nodes: 63
  min_samples_split: 10
  min_samples_leaf: 9
  min_weight_fraction_leaf: 0.0
  min_impurity_decrease: 0.03940512061922338
  criterion: friedman_mse
  ccp_alpha: 0.004650711266999953
  dropout_rate: 0.00854996693689087
  validation_fraction: 0.15702280051083645
  n_iter_no_change: null
  tol: 4.052564562168611e-05
  random_state: 777
  warm_start: false
  verbose: 0
seed: 777
cv_n_splits: 5
cv_n_repeats: 10
preprocessing_config:
  eps: 1.0e-06
  min_speed: 0.01
  max_hours: 9999.0
