model_type: coxnet
model_params:
  l1_ratio: 0.995773692216993
  alpha_min_ratio: 0.09952558738534567
  n_alphas: 285
  max_iter: 17894
  tol: 1.6466302206335868e-05
seed: 42
cv_n_splits: 5
cv_n_repeats: 10
preprocessing_config:
  eps: 1.0e-06
  min_speed: 0.01
  max_hours: 9999.0
