model_type: coxnet
model_params:
  l1_ratio: 0.9210999305438875
  alpha_min_ratio: 0.010446955171347281
  n_alphas: 175
  max_iter: 19042
  tol: 1.2785664995458283e-05
seed: 42
cv_n_splits: 5
cv_n_repeats: 10
preprocessing_config:
  eps: 1.0e-06
  min_speed: 0.01
  max_hours: 9999.0
