model_type: coxnet
model_params:
  l1_ratio: 0.9848254259484079
  alpha_min_ratio: 0.04166671091599188
  n_alphas: 285
  max_iter: 19814
  tol: 7.738678082371131e-07
seed: 1024
cv_n_splits: 5
cv_n_repeats: 10
preprocessing_config:
  eps: 1.0e-06
  min_speed: 0.01
  max_hours: 9999.0
