model_type: coxnet
model_params:
  l1_ratio: 0.9889386613161261
  alpha_min_ratio: 0.09487792236018605
  n_alphas: 184
  max_iter: 19900
  tol: 2.5821334661565086e-07
seed: 777
cv_n_splits: 5
cv_n_repeats: 10
preprocessing_config:
  eps: 1.0e-06
  min_speed: 0.01
  max_hours: 9999.0
