model_type: gbsa
model_params:
  loss: coxph
  n_estimators: 77
  learning_rate: 0.03145005311797406
  subsample: 0.642990455913351
  max_depth: 2
  max_features: 0.5
  max_leaf_nodes: 63
  min_samples_split: 14
  min_samples_leaf: 9
  min_weight_fraction_leaf: 0.0
  min_impurity_decrease: 0.01262881603393426
  criterion: friedman_mse
  ccp_alpha: 0.004452307482295883
  dropout_rate: 0.06590899564756575
  validation_fraction: 0.18215888754458787
  n_iter_no_change: null
  tol: 4.2739715291981826e-05
  random_state: 777
  warm_start: false
  verbose: 0
seed: 777
cv_n_splits: 5
cv_n_repeats: 10
preprocessing_config:
  eps: 1.0e-06
  min_speed: 0.01
  max_hours: 9999.0
