model_type: coxnet
model_params:
  l1_ratio: 0.9630404268741223
  alpha_min_ratio: 0.04361631371894815
  n_alphas: 188
  max_iter: 560
  tol: 6.930472429928325e-07
seed: 42
cv_n_splits: 5
cv_n_repeats: 10
preprocessing_config:
  eps: 1.0e-06
  min_speed: 0.01
  max_hours: 9999.0
