model_type: gbsa
model_params:
  loss: coxph
  n_estimators: 336
  learning_rate: 0.1461327150323845
  subsample: 0.8734804722057808
  max_depth: 4
  max_features: 0.3
  max_leaf_nodes: null
  min_samples_split: 5
  min_samples_leaf: 1
  min_weight_fraction_leaf: 0.0
  min_impurity_decrease: 0.03526448319085941
  criterion: friedman_mse
  ccp_alpha: 6.715692203789316e-08
  dropout_rate: 0.07078610706249938
  validation_fraction: 0.2794439649962913
  n_iter_no_change: null
  tol: 0.0001256761177402842
  random_state: 1024
  warm_start: false
  verbose: 0
seed: 1024
cv_n_splits: 5
cv_n_repeats: 10
preprocessing_config:
  eps: 1.0e-06
  min_speed: 0.01
  max_hours: 9999.0
