model_type: gbsa
model_params:
  loss: coxph
  n_estimators: 243
  learning_rate: 0.0977688275711147
  subsample: 0.7220541306645232
  max_depth: 5
  max_features: 1.0
  max_leaf_nodes: 31
  min_samples_split: 12
  min_samples_leaf: 4
  min_weight_fraction_leaf: 0.0
  min_impurity_decrease: 0.04575302087883676
  criterion: friedman_mse
  ccp_alpha: 3.234856433682885e-05
  dropout_rate: 0.05497892035947099
  validation_fraction: 0.14212152720254193
  n_iter_no_change: null
  tol: 2.6550387422214432e-05
  random_state: 777
  warm_start: false
  verbose: 0
seed: 777
cv_n_splits: 5
cv_n_repeats: 10
preprocessing_config:
  eps: 1.0e-06
  min_speed: 0.01
  max_hours: 9999.0
