model_type: coxnet
model_params:
  l1_ratio: 0.9700193752087778
  alpha_min_ratio: 0.08622628847108682
  n_alphas: 221
  max_iter: 18446
  tol: 7.334093606070005e-06
seed: 42
cv_n_splits: 5
cv_n_repeats: 10
preprocessing_config:
  eps: 1.0e-06
  min_speed: 0.01
  max_hours: 9999.0
