model_type: coxnet
model_params:
  l1_ratio: 0.944587857282182
  alpha_min_ratio: 0.0955028015146222
  n_alphas: 281
  max_iter: 17130
  tol: 8.875255942549079e-05
seed: 42
cv_n_splits: 5
cv_n_repeats: 10
preprocessing_config:
  eps: 1.0e-06
  min_speed: 0.01
  max_hours: 9999.0
