model_type: coxnet
model_params:
  l1_ratio: 0.9058455841591321
  alpha_min_ratio: 0.06843718930881847
  n_alphas: 245
  max_iter: 13969
  tol: 3.748730819482084e-05
seed: 1024
cv_n_splits: 5
cv_n_repeats: 10
preprocessing_config:
  eps: 1.0e-06
  min_speed: 0.01
  max_hours: 9999.0
