model_type: coxnet
model_params:
  l1_ratio: 0.2056118669700558
  alpha_min_ratio: 0.006319250869133276
  n_alphas: 264
  max_iter: 7085
  tol: 5.531834246987928e-07
seed: 42
cv_n_splits: 5
cv_n_repeats: 10
preprocessing_config:
  eps: 1.0e-06
  min_speed: 0.01
  max_hours: 9999.0
