seed: 42
cv_n_splits: 5
cv_n_repeats: 10
gbsa_config:
  loss: coxph
  n_estimators: 394
  learning_rate: 0.093928050216729
  subsample: 0.5034995848754964
  max_depth: 5
  max_features: sqrt
  max_leaf_nodes: 31
  min_samples_split: 3
  min_samples_leaf: 10
  min_weight_fraction_leaf: 0.0
  min_impurity_decrease: 0.04653149598133978
  criterion: friedman_mse
  ccp_alpha: 1.3060207319933892e-05
  dropout_rate: 0.0506247377466401
  validation_fraction: 0.17527403953353865
  n_iter_no_change: 10
  tol: 0.0001523615234209113
  random_state: 42
  warm_start: false
  verbose: 0
preprocessing_config:
  eps: 1.0e-06
  min_speed: 0.01
  max_hours: 9999.0
