model_type: gbsa
model_params:
  loss: coxph
  n_estimators: 106
  learning_rate: 0.13782872375331548
  subsample: 0.7907043569456691
  max_depth: 1
  max_features: 0.3
  max_leaf_nodes: 31
  min_samples_split: 15
  min_samples_leaf: 7
  min_weight_fraction_leaf: 0.0
  min_impurity_decrease: 0.0020778063975491357
  criterion: friedman_mse
  ccp_alpha: 0.000586559429990865
  dropout_rate: 0.269851742998601
  validation_fraction: 0.20560602208145554
  n_iter_no_change: null
  tol: 0.000550929686211548
  random_state: 1024
  warm_start: false
  verbose: 0
seed: 1024
cv_n_splits: 5
cv_n_repeats: 10
preprocessing_config:
  eps: 1.0e-06
  min_speed: 0.01
  max_hours: 9999.0
