model_type: gbsa
model_params:
  loss: coxph
  n_estimators: 212
  learning_rate: 0.11931183574864189
  subsample: 0.5237309292039949
  max_depth: 5
  max_features: 0.3
  max_leaf_nodes: null
  min_samples_split: 18
  min_samples_leaf: 8
  min_weight_fraction_leaf: 0.0
  min_impurity_decrease: 0.029855024649106162
  criterion: friedman_mse
  ccp_alpha: 2.156902375361256e-05
  dropout_rate: 0.12877465391324924
  validation_fraction: 0.22339280100900832
  n_iter_no_change: 10
  tol: 0.0028534772520974463
  random_state: 1024
  warm_start: false
  verbose: 0
seed: 1024
cv_n_splits: 5
cv_n_repeats: 10
preprocessing_config:
  eps: 1.0e-06
  min_speed: 0.01
  max_hours: 9999.0
