model_type: coxnet
model_params:
  l1_ratio: 0.9188539400764223
  alpha_min_ratio: 0.055059705664387754
  n_alphas: 147
  max_iter: 15395
  tol: 8.375300349021089e-08
seed: 1024
cv_n_splits: 5
cv_n_repeats: 10
preprocessing_config:
  eps: 1.0e-06
  min_speed: 0.01
  max_hours: 9999.0
