model_type: gbsa
model_params:
  loss: coxph
  n_estimators: 312
  learning_rate: 0.07011286370113423
  subsample: 0.795085397760629
  max_depth: 5
  max_features: 0.5
  max_leaf_nodes: 63
  min_samples_split: 19
  min_samples_leaf: 1
  min_weight_fraction_leaf: 0.0
  min_impurity_decrease: 0.02181319137645451
  criterion: friedman_mse
  ccp_alpha: 0.015952012658105343
  dropout_rate: 0.021147544516543576
  validation_fraction: 0.2239016974588812
  n_iter_no_change: null
  tol: 0.0007528577477599969
  random_state: 1024
  warm_start: false
  verbose: 0
seed: 1024
cv_n_splits: 5
cv_n_repeats: 10
preprocessing_config:
  eps: 1.0e-06
  min_speed: 0.01
  max_hours: 9999.0
