model_type: gbsa
model_params:
  loss: coxph
  n_estimators: 291
  learning_rate: 0.11814624040595383
  subsample: 0.6384407166163634
  max_depth: 3
  max_features: 0.3
  max_leaf_nodes: 16
  min_samples_split: 16
  min_samples_leaf: 2
  min_weight_fraction_leaf: 0.0
  min_impurity_decrease: 0.04344905579076259
  criterion: friedman_mse
  ccp_alpha: 0.011270076283668854
  dropout_rate: 0.10744955379548288
  validation_fraction: 0.26704130217048383
  n_iter_no_change: null
  tol: 0.0005323437517211486
  random_state: 777
  warm_start: false
  verbose: 0
seed: 777
cv_n_splits: 5
cv_n_repeats: 10
preprocessing_config:
  eps: 1.0e-06
  min_speed: 0.01
  max_hours: 9999.0
