model_type: coxnet
model_params:
  l1_ratio: 0.8727863543261897
  alpha_min_ratio: 0.032619970414817887
  n_alphas: 254
  max_iter: 18697
  tol: 2.799546287330103e-05
seed: 1024
cv_n_splits: 5
cv_n_repeats: 10
preprocessing_config:
  eps: 1.0e-06
  min_speed: 0.01
  max_hours: 9999.0
