model_type: coxnet
model_params:
  l1_ratio: 0.9820957776102999
  alpha_min_ratio: 0.07951938878949279
  n_alphas: 52
  max_iter: 370
  tol: 7.8711597336666e-07
seed: 42
cv_n_splits: 5
cv_n_repeats: 10
preprocessing_config:
  eps: 1.0e-06
  min_speed: 0.01
  max_hours: 9999.0
