model_type: coxnet
model_params:
  l1_ratio: 0.8522132415745544
  alpha_min_ratio: 0.09055222456596139
  n_alphas: 55
  max_iter: 15601
  tol: 3.201390397268614e-07
seed: 2023
cv_n_splits: 5
cv_n_repeats: 10
preprocessing_config:
  eps: 1.0e-06
  min_speed: 0.01
  max_hours: 9999.0
