model_type: coxnet
model_params:
  l1_ratio: 0.5307343112079393
  alpha_min_ratio: 0.04844775638108372
  n_alphas: 114
  max_iter: 18566
  tol: 2.0774071933023183e-07
seed: 2023
cv_n_splits: 5
cv_n_repeats: 10
preprocessing_config:
  eps: 1.0e-06
  min_speed: 0.01
  max_hours: 9999.0
