model_type: coxnet
model_params:
  l1_ratio: 0.1790433190125424
  alpha_min_ratio: 0.00018036233308157008
  n_alphas: 142
  max_iter: 16214
  tol: 8.657658989482047e-07
seed: 2023
cv_n_splits: 5
cv_n_repeats: 10
preprocessing_config:
  eps: 1.0e-06
  min_speed: 0.01
  max_hours: 9999.0
