model_type: gbsa
model_params:
  loss: coxph
  n_estimators: 341
  learning_rate: 0.08605556285654568
  subsample: 0.7597992829526103
  max_depth: 2
  max_features: sqrt
  max_leaf_nodes: 31
  min_samples_split: 2
  min_samples_leaf: 10
  min_weight_fraction_leaf: 0.0
  min_impurity_decrease: 0.025775551227914896
  criterion: friedman_mse
  ccp_alpha: 0.002125535827672865
  dropout_rate: 0.019059927551132377
  validation_fraction: 0.14350227933810825
  n_iter_no_change: null
  tol: 0.00101628445759203
  random_state: 1024
  warm_start: false
  verbose: 0
seed: 1024
cv_n_splits: 5
cv_n_repeats: 10
preprocessing_config:
  eps: 1.0e-06
  min_speed: 0.01
  max_hours: 9999.0
