model_type: coxnet
model_params:
  l1_ratio: 0.9934428507705593
  alpha_min_ratio: 0.0705213688706518
  n_alphas: 248
  max_iter: 16980
  tol: 3.075940246909124e-06
seed: 42
cv_n_splits: 5
cv_n_repeats: 10
preprocessing_config:
  eps: 1.0e-06
  min_speed: 0.01
  max_hours: 9999.0
