model_type: coxnet
model_params:
  l1_ratio: 0.9690901244920503
  alpha_min_ratio: 0.08741120726669736
  n_alphas: 109
  max_iter: 11913
  tol: 2.0604974012484323e-05
seed: 777
cv_n_splits: 5
cv_n_repeats: 10
preprocessing_config:
  eps: 1.0e-06
  min_speed: 0.01
  max_hours: 9999.0
