model_type: coxnet
model_params:
  l1_ratio: 0.9891430511031404
  alpha_min_ratio: 0.07066387648386094
  n_alphas: 153
  max_iter: 18399
  tol: 1.7386692156476405e-06
seed: 777
cv_n_splits: 5
cv_n_repeats: 10
preprocessing_config:
  eps: 1.0e-06
  min_speed: 0.01
  max_hours: 9999.0
