model_type: coxnet
model_params:
  l1_ratio: 0.9648487375928656
  alpha_min_ratio: 0.07938089969384013
  n_alphas: 131
  max_iter: 17755
  tol: 1.3053658723252622e-07
seed: 2023
cv_n_splits: 5
cv_n_repeats: 10
preprocessing_config:
  eps: 1.0e-06
  min_speed: 0.01
  max_hours: 9999.0
