model_type: coxnet
model_params:
  l1_ratio: 0.9417679348204069
  alpha_min_ratio: 0.03537419251571421
  n_alphas: 143
  max_iter: 16871
  tol: 3.897978857012111e-06
seed: 777
cv_n_splits: 5
cv_n_repeats: 10
preprocessing_config:
  eps: 1.0e-06
  min_speed: 0.01
  max_hours: 9999.0
