model_type: coxnet
model_params:
  l1_ratio: 0.44667639173683016
  alpha_min_ratio: 0.0001643729956214856
  n_alphas: 254
  max_iter: 13230
  tol: 2.4857320585033817e-06
seed: 777
cv_n_splits: 5
cv_n_repeats: 10
preprocessing_config:
  eps: 1.0e-06
  min_speed: 0.01
  max_hours: 9999.0
