model_type: gbsa
model_params:
  loss: coxph
  n_estimators: 399
  learning_rate: 0.15568259124738915
  subsample: 0.7000504939132854
  max_depth: 6
  max_features: 0.5
  max_leaf_nodes: 31
  min_samples_split: 6
  min_samples_leaf: 11
  min_weight_fraction_leaf: 0.0
  min_impurity_decrease: 0.026269269834436462
  criterion: friedman_mse
  ccp_alpha: 4.135115485080691e-07
  dropout_rate: 0.04141316233276024
  validation_fraction: 0.17635929147018511
  n_iter_no_change: 20
  tol: 0.0002587797673376952
  random_state: 42
  warm_start: false
  verbose: 0
seed: 42
cv_n_splits: 5
cv_n_repeats: 10
preprocessing_config:
  eps: 1.0e-06
  min_speed: 0.01
  max_hours: 9999.0
