model_type: coxnet
model_params:
  l1_ratio: 0.999092657524536
  alpha_min_ratio: 0.066821309310897
  n_alphas: 152
  max_iter: 11737
  tol: 2.5444754933239787e-08
seed: 1024
cv_n_splits: 5
cv_n_repeats: 10
preprocessing_config:
  eps: 1.0e-06
  min_speed: 0.01
  max_hours: 9999.0
