model_type: gbsa
model_params:
  loss: coxph
  n_estimators: 309
  learning_rate: 0.19950323532011208
  subsample: 0.8651477134199462
  max_depth: 4
  max_features: 0.3
  max_leaf_nodes: null
  min_samples_split: 6
  min_samples_leaf: 3
  min_weight_fraction_leaf: 0.0
  min_impurity_decrease: 0.04738698826533011
  criterion: friedman_mse
  ccp_alpha: 7.453338222895273e-08
  dropout_rate: 0.0135603496604598
  validation_fraction: 0.26224334947804073
  n_iter_no_change: null
  tol: 0.0003908603291955638
  random_state: 1024
  warm_start: false
  verbose: 0
seed: 1024
cv_n_splits: 5
cv_n_repeats: 10
preprocessing_config:
  eps: 1.0e-06
  min_speed: 0.01
  max_hours: 9999.0
