model_type: coxnet
model_params:
  l1_ratio: 0.40640862968043145
  alpha_min_ratio: 0.0011203835051520313
  n_alphas: 199
  max_iter: 10736
  tol: 7.30501664572061e-05
seed: 2023
cv_n_splits: 5
cv_n_repeats: 10
preprocessing_config:
  eps: 1.0e-06
  min_speed: 0.01
  max_hours: 9999.0
