model_type: coxnet
model_params:
  l1_ratio: 0.975617541604513
  alpha_min_ratio: 0.037051769095853865
  n_alphas: 174
  max_iter: 17310
  tol: 8.969374458674355e-05
seed: 1024
cv_n_splits: 5
cv_n_repeats: 10
preprocessing_config:
  eps: 1.0e-06
  min_speed: 0.01
  max_hours: 9999.0
