model_type: coxnet
model_params:
  l1_ratio: 0.18326414700987448
  alpha_min_ratio: 0.01940794563875691
  n_alphas: 255
  max_iter: 3299
  tol: 2.163910180363187e-08
seed: 1024
cv_n_splits: 5
cv_n_repeats: 10
preprocessing_config:
  eps: 1.0e-06
  min_speed: 0.01
  max_hours: 9999.0
