model_type: coxnet
model_params:
  l1_ratio: 0.7846034263923967
  alpha_min_ratio: 0.02663501956976393
  n_alphas: 203
  max_iter: 1906
  tol: 9.913278430946544e-05
seed: 42
cv_n_splits: 5
cv_n_repeats: 10
preprocessing_config:
  eps: 1.0e-06
  min_speed: 0.01
  max_hours: 9999.0
