model_type: coxnet
model_params:
  l1_ratio: 0.8654822205389068
  alpha_min_ratio: 0.09546029339034767
  n_alphas: 254
  max_iter: 14910
  tol: 1.220420669508146e-06
seed: 2023
cv_n_splits: 5
cv_n_repeats: 10
preprocessing_config:
  eps: 1.0e-06
  min_speed: 0.01
  max_hours: 9999.0
