model_type: gbsa
model_params:
  loss: coxph
  n_estimators: 454
  learning_rate: 0.024433203103395983
  subsample: 0.5845192760730834
  max_depth: 4
  max_features: 0.3
  max_leaf_nodes: 8
  min_samples_split: 3
  min_samples_leaf: 5
  min_weight_fraction_leaf: 0.0
  min_impurity_decrease: 0.037298545596570316
  criterion: friedman_mse
  ccp_alpha: 0.00017121181673609222
  dropout_rate: 0.10848874753040547
  validation_fraction: 0.22647089157059858
  n_iter_no_change: 5
  tol: 0.004047628316213797
  random_state: 2023
  warm_start: false
  verbose: 0
seed: 2023
cv_n_splits: 5
cv_n_repeats: 10
preprocessing_config:
  eps: 1.0e-06
  min_speed: 0.01
  max_hours: 9999.0
