model_type: coxnet
model_params:
  l1_ratio: 0.8778214067434696
  alpha_min_ratio: 0.06064373588369406
  n_alphas: 219
  max_iter: 608
  tol: 1.2008498273970822e-08
seed: 42
cv_n_splits: 5
cv_n_repeats: 10
preprocessing_config:
  eps: 1.0e-06
  min_speed: 0.01
  max_hours: 9999.0
