model_type: coxnet
model_params:
  l1_ratio: 0.4678955922748659
  alpha_min_ratio: 0.00011648472664387373
  n_alphas: 232
  max_iter: 10963
  tol: 1.512658719819251e-06
seed: 2023
cv_n_splits: 5
cv_n_repeats: 10
preprocessing_config:
  eps: 1.0e-06
  min_speed: 0.01
  max_hours: 9999.0
