model_type: gbsa
model_params:
  loss: coxph
  n_estimators: 149
  learning_rate: 0.1396485396529779
  subsample: 0.7735503708822679
  max_depth: 6
  max_features: 1.0
  max_leaf_nodes: 63
  min_samples_split: 4
  min_samples_leaf: 7
  min_weight_fraction_leaf: 0.0
  min_impurity_decrease: 0.010792461499173813
  criterion: friedman_mse
  ccp_alpha: 0.005651990906842692
  dropout_rate: 0.02610501944842034
  validation_fraction: 0.26781640198451273
  n_iter_no_change: 20
  tol: 0.0007215539629917645
  random_state: 42
  warm_start: false
  verbose: 0
seed: 42
cv_n_splits: 5
cv_n_repeats: 10
preprocessing_config:
  eps: 1.0e-06
  min_speed: 0.01
  max_hours: 9999.0
