model_type: gbsa
model_params:
  loss: coxph
  n_estimators: 357
  learning_rate: 0.03866462338095643
  subsample: 0.6802548976872075
  max_depth: 1
  max_features: 0.3
  max_leaf_nodes: 31
  min_samples_split: 17
  min_samples_leaf: 7
  min_weight_fraction_leaf: 0.0
  min_impurity_decrease: 0.02037009584816827
  criterion: friedman_mse
  ccp_alpha: 4.663488070462465e-05
  dropout_rate: 0.03595084953330315
  validation_fraction: 0.12185305412996335
  n_iter_no_change: null
  tol: 0.0012362184409965404
  random_state: 1024
  warm_start: false
  verbose: 0
seed: 1024
cv_n_splits: 5
cv_n_repeats: 10
preprocessing_config:
  eps: 1.0e-06
  min_speed: 0.01
  max_hours: 9999.0
