model_type: coxnet
model_params:
  l1_ratio: 0.9277960218636894
  alpha_min_ratio: 0.055224973226997896
  n_alphas: 236
  max_iter: 1129
  tol: 1.7795300534274372e-05
seed: 42
cv_n_splits: 5
cv_n_repeats: 10
preprocessing_config:
  eps: 1.0e-06
  min_speed: 0.01
  max_hours: 9999.0
