model_type: gbsa
model_params:
  loss: coxph
  n_estimators: 293
  learning_rate: 0.10162533371136324
  subsample: 0.7338902334186783
  max_depth: 1
  max_features: 0.3
  max_leaf_nodes: 31
  min_samples_split: 5
  min_samples_leaf: 8
  min_weight_fraction_leaf: 0.0
  min_impurity_decrease: 0.03126721342269684
  criterion: friedman_mse
  ccp_alpha: 0.000254724110304322
  dropout_rate: 0.0062458884314549774
  validation_fraction: 0.10954441531775158
  n_iter_no_change: 10
  tol: 0.0016937255446935779
  random_state: 1024
  warm_start: false
  verbose: 0
seed: 1024
cv_n_splits: 5
cv_n_repeats: 10
preprocessing_config:
  eps: 1.0e-06
  min_speed: 0.01
  max_hours: 9999.0
