model_type: coxnet
model_params:
  l1_ratio: 0.4033673240199882
  alpha_min_ratio: 0.00017090089927737339
  n_alphas: 78
  max_iter: 16775
  tol: 1.673051989448818e-08
seed: 1024
cv_n_splits: 5
cv_n_repeats: 10
preprocessing_config:
  eps: 1.0e-06
  min_speed: 0.01
  max_hours: 9999.0
