model_type: coxnet
model_params:
  l1_ratio: 0.10395183635292826
  alpha_min_ratio: 0.0023162299536553057
  n_alphas: 99
  max_iter: 8192
  tol: 5.2738507746595286e-05
seed: 2023
cv_n_splits: 5
cv_n_repeats: 10
preprocessing_config:
  eps: 1.0e-06
  min_speed: 0.01
  max_hours: 9999.0
