model_type: coxnet
model_params:
  l1_ratio: 0.9082249504667865
  alpha_min_ratio: 0.01927846555805149
  n_alphas: 225
  max_iter: 11965
  tol: 2.330577082278386e-05
seed: 2023
cv_n_splits: 5
cv_n_repeats: 10
preprocessing_config:
  eps: 1.0e-06
  min_speed: 0.01
  max_hours: 9999.0
