model_type: coxnet
model_params:
  l1_ratio: 0.9765795715336746
  alpha_min_ratio: 0.08163747112656447
  n_alphas: 292
  max_iter: 16037
  tol: 1.0884491306013097e-06
seed: 42
cv_n_splits: 5
cv_n_repeats: 10
preprocessing_config:
  eps: 1.0e-06
  min_speed: 0.01
  max_hours: 9999.0
