model_type: coxnet
model_params:
  l1_ratio: 0.9821535334027233
  alpha_min_ratio: 0.08068155499963806
  n_alphas: 254
  max_iter: 18454
  tol: 9.259078999504358e-05
seed: 42
cv_n_splits: 5
cv_n_repeats: 10
preprocessing_config:
  eps: 1.0e-06
  min_speed: 0.01
  max_hours: 9999.0
