model_type: coxnet
model_params:
  l1_ratio: 0.859275075339801
  alpha_min_ratio: 0.09603621844482406
  n_alphas: 193
  max_iter: 978
  tol: 4.559374508636864e-06
seed: 42
cv_n_splits: 5
cv_n_repeats: 10
preprocessing_config:
  eps: 1.0e-06
  min_speed: 0.01
  max_hours: 9999.0
