model_type: coxnet
model_params:
  l1_ratio: 0.7953726881870256
  alpha_min_ratio: 0.0004500451293247073
  n_alphas: 87
  max_iter: 6630
  tol: 7.487439606128578e-05
seed: 777
cv_n_splits: 5
cv_n_repeats: 10
preprocessing_config:
  eps: 1.0e-06
  min_speed: 0.01
  max_hours: 9999.0
