model_type: coxnet
model_params:
  l1_ratio: 0.702286325838213
  alpha_min_ratio: 0.048785005919544995
  n_alphas: 68
  max_iter: 14873
  tol: 4.380428614714951e-08
seed: 777
cv_n_splits: 5
cv_n_repeats: 10
preprocessing_config:
  eps: 1.0e-06
  min_speed: 0.01
  max_hours: 9999.0
