model_type: gbsa
model_params:
  loss: coxph
  n_estimators: 495
  learning_rate: 0.09387288670282218
  subsample: 0.7104228584268063
  max_depth: 5
  max_features: sqrt
  max_leaf_nodes: 8
  min_samples_split: 6
  min_samples_leaf: 18
  min_weight_fraction_leaf: 0.0
  min_impurity_decrease: 0.048028941758557715
  criterion: friedman_mse
  ccp_alpha: 0.00031894088322420073
  dropout_rate: 0.0152259803772466
  validation_fraction: 0.2697701686953058
  n_iter_no_change: null
  tol: 1.836519265408143e-05
  random_state: 777
  warm_start: false
  verbose: 0
seed: 777
cv_n_splits: 5
cv_n_repeats: 10
preprocessing_config:
  eps: 1.0e-06
  min_speed: 0.01
  max_hours: 9999.0
