model_type: coxnet
model_params:
  l1_ratio: 0.9317174001675362
  alpha_min_ratio: 0.07614933377367417
  n_alphas: 129
  max_iter: 19805
  tol: 1.0451695288398388e-06
seed: 777
cv_n_splits: 5
cv_n_repeats: 10
preprocessing_config:
  eps: 1.0e-06
  min_speed: 0.01
  max_hours: 9999.0
