model_type: gbsa
model_params:
  loss: coxph
  n_estimators: 397
  learning_rate: 0.14487082730101866
  subsample: 0.9724276514688248
  max_depth: 2
  max_features: 0.3
  max_leaf_nodes: 63
  min_samples_split: 18
  min_samples_leaf: 2
  min_weight_fraction_leaf: 0.0
  min_impurity_decrease: 0.0359000325563731
  criterion: friedman_mse
  ccp_alpha: 5.0201446037309534e-05
  dropout_rate: 0.1327928641254783
  validation_fraction: 0.15040157325757306
  n_iter_no_change: null
  tol: 6.234504136797641e-05
  random_state: 1024
  warm_start: false
  verbose: 0
seed: 1024
cv_n_splits: 5
cv_n_repeats: 10
preprocessing_config:
  eps: 1.0e-06
  min_speed: 0.01
  max_hours: 9999.0
