model_type: coxnet
model_params:
  l1_ratio: 0.8772744748268232
  alpha_min_ratio: 0.03986837947947362
  n_alphas: 60
  max_iter: 15262
  tol: 1.1305886403307676e-07
seed: 2023
cv_n_splits: 5
cv_n_repeats: 10
preprocessing_config:
  eps: 1.0e-06
  min_speed: 0.01
  max_hours: 9999.0
