model_type: gbsa
model_params:
  loss: coxph
  n_estimators: 188
  learning_rate: 0.12076960610728889
  subsample: 0.8465496207309704
  max_depth: 5
  max_features: log2
  max_leaf_nodes: 16
  min_samples_split: 2
  min_samples_leaf: 10
  min_weight_fraction_leaf: 0.0
  min_impurity_decrease: 0.03403602730068154
  criterion: friedman_mse
  ccp_alpha: 0.0023876642679206556
  dropout_rate: 0.024254827306728084
  validation_fraction: 0.27907075670259457
  n_iter_no_change: 20
  tol: 3.213895896990327e-05
  random_state: 42
  warm_start: false
  verbose: 0
seed: 42
cv_n_splits: 5
cv_n_repeats: 10
preprocessing_config:
  eps: 1.0e-06
  min_speed: 0.01
  max_hours: 9999.0
