model_type: coxnet
model_params:
  l1_ratio: 0.15977211929894708
  alpha_min_ratio: 0.02704131981450154
  n_alphas: 208
  max_iter: 17225
  tol: 7.607180454542905e-05
seed: 1024
cv_n_splits: 5
cv_n_repeats: 10
preprocessing_config:
  eps: 1.0e-06
  min_speed: 0.01
  max_hours: 9999.0
