model_type: coxnet
model_params:
  l1_ratio: 0.9947546121555708
  alpha_min_ratio: 0.040616616664832114
  n_alphas: 230
  max_iter: 11494
  tol: 4.609177681173588e-06
seed: 42
cv_n_splits: 5
cv_n_repeats: 10
preprocessing_config:
  eps: 1.0e-06
  min_speed: 0.01
  max_hours: 9999.0
