model_type: coxnet
model_params:
  l1_ratio: 0.9990457677761431
  alpha_min_ratio: 0.060451800895443775
  n_alphas: 290
  max_iter: 16905
  tol: 2.8704084951668258e-06
seed: 1024
cv_n_splits: 5
cv_n_repeats: 10
preprocessing_config:
  eps: 1.0e-06
  min_speed: 0.01
  max_hours: 9999.0
