model_type: gbsa
model_params:
  loss: coxph
  n_estimators: 411
  learning_rate: 0.1964508454140583
  subsample: 0.7963514477233775
  max_depth: 5
  max_features: sqrt
  max_leaf_nodes: 63
  min_samples_split: 17
  min_samples_leaf: 2
  min_weight_fraction_leaf: 0.0
  min_impurity_decrease: 0.03850986038599059
  criterion: friedman_mse
  ccp_alpha: 0.001113901705870311
  dropout_rate: 0.044441437572875636
  validation_fraction: 0.229705350720661
  n_iter_no_change: null
  tol: 0.0017893672098744252
  random_state: 1024
  warm_start: false
  verbose: 0
seed: 1024
cv_n_splits: 5
cv_n_repeats: 10
preprocessing_config:
  eps: 1.0e-06
  min_speed: 0.01
  max_hours: 9999.0
