model_type: coxnet
model_params:
  l1_ratio: 0.9625426562595346
  alpha_min_ratio: 0.08406289210762626
  n_alphas: 154
  max_iter: 19825
  tol: 2.6969549941360845e-06
seed: 777
cv_n_splits: 5
cv_n_repeats: 10
preprocessing_config:
  eps: 1.0e-06
  min_speed: 0.01
  max_hours: 9999.0
