model_type: coxnet
model_params:
  l1_ratio: 0.9089574108604783
  alpha_min_ratio: 0.09979329350885081
  n_alphas: 183
  max_iter: 402
  tol: 2.2903878004360377e-06
seed: 42
cv_n_splits: 5
cv_n_repeats: 10
preprocessing_config:
  eps: 1.0e-06
  min_speed: 0.01
  max_hours: 9999.0
