model_type: coxnet
model_params:
  l1_ratio: 0.5145531299212025
  alpha_min_ratio: 0.0002158116647195816
  n_alphas: 69
  max_iter: 4790
  tol: 2.0561078417392974e-08
seed: 1024
cv_n_splits: 5
cv_n_repeats: 10
preprocessing_config:
  eps: 1.0e-06
  min_speed: 0.01
  max_hours: 9999.0
