model_type: gbsa
model_params:
  loss: coxph
  n_estimators: 154
  learning_rate: 0.0011132718009663166
  subsample: 0.5555396887043696
  max_depth: 3
  max_features: sqrt
  max_leaf_nodes: null
  min_samples_split: 6
  min_samples_leaf: 2
  min_weight_fraction_leaf: 0.0
  min_impurity_decrease: 0.013851255676991992
  criterion: friedman_mse
  ccp_alpha: 3.632981073263201e-07
  dropout_rate: 0.28655569655502594
  validation_fraction: 0.23982179686771973
  n_iter_no_change: 10
  tol: 0.00017782090741030486
  random_state: 1024
  warm_start: false
  verbose: 0
seed: 1024
cv_n_splits: 5
cv_n_repeats: 10
preprocessing_config:
  eps: 1.0e-06
  min_speed: 0.01
  max_hours: 9999.0
