model_type: gbsa
model_params:
  loss: coxph
  n_estimators: 133
  learning_rate: 0.07059833023566192
  subsample: 0.9790610349741677
  max_depth: 3
  max_features: log2
  max_leaf_nodes: 63
  min_samples_split: 17
  min_samples_leaf: 6
  min_weight_fraction_leaf: 0.0
  min_impurity_decrease: 0.012781101338510351
  criterion: friedman_mse
  ccp_alpha: 0.0022694394032079027
  dropout_rate: 0.09672634957982477
  validation_fraction: 0.29153594552634515
  n_iter_no_change: null
  tol: 0.0029252063366781633
  random_state: 1024
  warm_start: false
  verbose: 0
seed: 1024
cv_n_splits: 5
cv_n_repeats: 10
preprocessing_config:
  eps: 1.0e-06
  min_speed: 0.01
  max_hours: 9999.0
