model_type: coxnet
model_params:
  l1_ratio: 0.43858917267202846
  alpha_min_ratio: 0.00011565245050679643
  n_alphas: 294
  max_iter: 12980
  tol: 4.420013715057479e-06
seed: 42
cv_n_splits: 5
cv_n_repeats: 10
preprocessing_config:
  eps: 1.0e-06
  min_speed: 0.01
  max_hours: 9999.0
