model_type: coxnet
model_params:
  l1_ratio: 0.9907605621629606
  alpha_min_ratio: 0.044013728450578306
  n_alphas: 127
  max_iter: 10884
  tol: 2.3886565851907125e-06
seed: 777
cv_n_splits: 5
cv_n_repeats: 10
preprocessing_config:
  eps: 1.0e-06
  min_speed: 0.01
  max_hours: 9999.0
