model_type: gbsa
model_params:
  loss: coxph
  n_estimators: 165
  learning_rate: 0.16631957857421004
  subsample: 0.9661142207662619
  max_depth: 4
  max_features: 0.3
  max_leaf_nodes: 63
  min_samples_split: 20
  min_samples_leaf: 5
  min_weight_fraction_leaf: 0.0
  min_impurity_decrease: 0.018651486696708318
  criterion: friedman_mse
  ccp_alpha: 0.00019862690901101723
  dropout_rate: 0.1957140189102732
  validation_fraction: 0.29395463265922117
  n_iter_no_change: 10
  tol: 0.002023027980513433
  random_state: 1024
  warm_start: false
  verbose: 0
seed: 1024
cv_n_splits: 5
cv_n_repeats: 10
preprocessing_config:
  eps: 1.0e-06
  min_speed: 0.01
  max_hours: 9999.0
