model_type: coxnet
model_params:
  l1_ratio: 0.9494208412038474
  alpha_min_ratio: 0.01982663866985093
  n_alphas: 116
  max_iter: 14000
  tol: 8.74192754712439e-07
seed: 777
cv_n_splits: 5
cv_n_repeats: 10
preprocessing_config:
  eps: 1.0e-06
  min_speed: 0.01
  max_hours: 9999.0
