model_type: coxnet
model_params:
  l1_ratio: 0.02308523533724266
  alpha_min_ratio: 0.00021134810739315506
  n_alphas: 188
  max_iter: 3398
  tol: 5.965834153084798e-07
seed: 2023
cv_n_splits: 5
cv_n_repeats: 10
preprocessing_config:
  eps: 1.0e-06
  min_speed: 0.01
  max_hours: 9999.0
