model_type: coxnet
model_params:
  l1_ratio: 0.8632343785853335
  alpha_min_ratio: 0.09050035880826458
  n_alphas: 211
  max_iter: 503
  tol: 3.750024128901506e-05
seed: 42
cv_n_splits: 5
cv_n_repeats: 10
preprocessing_config:
  eps: 1.0e-06
  min_speed: 0.01
  max_hours: 9999.0
