model_type: gbsa
model_params:
  loss: coxph
  n_estimators: 369
  learning_rate: 0.0758124180667033
  subsample: 0.944784963091006
  max_depth: 4
  max_features: 0.3
  max_leaf_nodes: 63
  min_samples_split: 15
  min_samples_leaf: 1
  min_weight_fraction_leaf: 0.0
  min_impurity_decrease: 0.029284061378798115
  criterion: friedman_mse
  ccp_alpha: 5.9691205632337684e-05
  dropout_rate: 0.01728617220598602
  validation_fraction: 0.2697489545100532
  n_iter_no_change: null
  tol: 0.0001239928726649375
  random_state: 1024
  warm_start: false
  verbose: 0
seed: 1024
cv_n_splits: 5
cv_n_repeats: 10
preprocessing_config:
  eps: 1.0e-06
  min_speed: 0.01
  max_hours: 9999.0
