model_type: coxnet
model_params:
  l1_ratio: 0.9724743584013281
  alpha_min_ratio: 0.06451569833487868
  n_alphas: 274
  max_iter: 16599
  tol: 7.98434181663022e-05
seed: 1024
cv_n_splits: 5
cv_n_repeats: 10
preprocessing_config:
  eps: 1.0e-06
  min_speed: 0.01
  max_hours: 9999.0
