model_type: coxnet
model_params:
  l1_ratio: 0.9700081644223266
  alpha_min_ratio: 0.025563045644802343
  n_alphas: 200
  max_iter: 3479
  tol: 1.4110774975174432e-07
seed: 2023
cv_n_splits: 5
cv_n_repeats: 10
preprocessing_config:
  eps: 1.0e-06
  min_speed: 0.01
  max_hours: 9999.0
