model_type: gbsa
model_params:
  loss: coxph
  n_estimators: 335
  learning_rate: 0.047559762631382535
  subsample: 0.6044572380937357
  max_depth: 6
  max_features: log2
  max_leaf_nodes: 8
  min_samples_split: 15
  min_samples_leaf: 7
  min_weight_fraction_leaf: 0.0
  min_impurity_decrease: 0.028889589718200312
  criterion: friedman_mse
  ccp_alpha: 2.8492839096184226e-07
  dropout_rate: 0.017031090135114366
  validation_fraction: 0.16668236848470053
  n_iter_no_change: null
  tol: 3.725364276416264e-05
  random_state: 777
  warm_start: false
  verbose: 0
seed: 777
cv_n_splits: 5
cv_n_repeats: 10
preprocessing_config:
  eps: 1.0e-06
  min_speed: 0.01
  max_hours: 9999.0
