model_type: gbsa
model_params:
  loss: coxph
  n_estimators: 273
  learning_rate: 0.19849324952282746
  subsample: 0.5473363330089555
  max_depth: 3
  max_features: 0.7
  max_leaf_nodes: 31
  min_samples_split: 18
  min_samples_leaf: 11
  min_weight_fraction_leaf: 0.0
  min_impurity_decrease: 0.021717432904966073
  criterion: friedman_mse
  ccp_alpha: 0.0022646672659980033
  dropout_rate: 0.036323246287543846
  validation_fraction: 0.16016455030232776
  n_iter_no_change: null
  tol: 2.3116400619801012e-05
  random_state: 777
  warm_start: false
  verbose: 0
seed: 777
cv_n_splits: 5
cv_n_repeats: 10
preprocessing_config:
  eps: 1.0e-06
  min_speed: 0.01
  max_hours: 9999.0
