model_type: coxnet
model_params:
  l1_ratio: 0.9745367378737784
  alpha_min_ratio: 0.06948226227178682
  n_alphas: 286
  max_iter: 16809
  tol: 1.5346561695729922e-06
seed: 42
cv_n_splits: 5
cv_n_repeats: 10
preprocessing_config:
  eps: 1.0e-06
  min_speed: 0.01
  max_hours: 9999.0
