model_type: coxnet
model_params:
  l1_ratio: 0.9912686336664867
  alpha_min_ratio: 0.0575621521383655
  n_alphas: 252
  max_iter: 12777
  tol: 7.529823645526587e-05
seed: 1024
cv_n_splits: 5
cv_n_repeats: 10
preprocessing_config:
  eps: 1.0e-06
  min_speed: 0.01
  max_hours: 9999.0
