model_type: coxnet
model_params:
  l1_ratio: 0.8415468580139858
  alpha_min_ratio: 0.08967362782688727
  n_alphas: 98
  max_iter: 15864
  tol: 3.599699421243902e-07
seed: 1024
cv_n_splits: 5
cv_n_repeats: 10
preprocessing_config:
  eps: 1.0e-06
  min_speed: 0.01
  max_hours: 9999.0
