model_type: gbsa
model_params:
  loss: coxph
  n_estimators: 500
  learning_rate: 0.15714725452301204
  subsample: 0.6227136427512807
  max_depth: 1
  max_features: 0.3
  max_leaf_nodes: 16
  min_samples_split: 17
  min_samples_leaf: 14
  min_weight_fraction_leaf: 0.0
  min_impurity_decrease: 0.006219136718602735
  criterion: friedman_mse
  ccp_alpha: 0.011178690284385773
  dropout_rate: 0.1254529257409083
  validation_fraction: 0.22332865672156188
  n_iter_no_change: null
  tol: 3.10561235260182e-05
  random_state: 2023
  warm_start: false
  verbose: 0
seed: 2023
cv_n_splits: 5
cv_n_repeats: 10
preprocessing_config:
  eps: 1.0e-06
  min_speed: 0.01
  max_hours: 9999.0
