model_type: coxnet
model_params:
  l1_ratio: 0.8318134337658469
  alpha_min_ratio: 0.06724998288030096
  n_alphas: 55
  max_iter: 12446
  tol: 1.043838072362717e-07
seed: 777
cv_n_splits: 5
cv_n_repeats: 10
preprocessing_config:
  eps: 1.0e-06
  min_speed: 0.01
  max_hours: 9999.0
