model_type: gbsa
model_params:
  loss: coxph
  n_estimators: 153
  learning_rate: 0.001503602646959783
  subsample: 0.6448757264568841
  max_depth: 1
  max_features: null
  max_leaf_nodes: 16
  min_samples_split: 6
  min_samples_leaf: 9
  min_weight_fraction_leaf: 0.0
  min_impurity_decrease: 0.04090073829612466
  criterion: friedman_mse
  ccp_alpha: 0.010595320121534527
  dropout_rate: 0.0034760652655953517
  validation_fraction: 0.20214946051551314
  n_iter_no_change: null
  tol: 0.0067410742656406975
  random_state: 42
  warm_start: false
  verbose: 0
seed: 42
cv_n_splits: 5
cv_n_repeats: 10
preprocessing_config:
  eps: 1.0e-06
  min_speed: 0.01
  max_hours: 9999.0
