model_type: coxnet
model_params:
  l1_ratio: 0.2825985889043059
  alpha_min_ratio: 0.003630006934790763
  n_alphas: 143
  max_iter: 18386
  tol: 1.2801027522398875e-08
seed: 777
cv_n_splits: 5
cv_n_repeats: 10
preprocessing_config:
  eps: 1.0e-06
  min_speed: 0.01
  max_hours: 9999.0
