model_type: gbsa
model_params:
  loss: coxph
  n_estimators: 155
  learning_rate: 0.19615447726281005
  subsample: 0.7882250304195277
  max_depth: 1
  max_features: 0.3
  max_leaf_nodes: 63
  min_samples_split: 7
  min_samples_leaf: 10
  min_weight_fraction_leaf: 0.0
  min_impurity_decrease: 0.04195447034222717
  criterion: friedman_mse
  ccp_alpha: 0.0003592401549918774
  dropout_rate: 0.08804696882456806
  validation_fraction: 0.21220827838592504
  n_iter_no_change: null
  tol: 0.0003389149303711396
  random_state: 1024
  warm_start: false
  verbose: 0
seed: 1024
cv_n_splits: 5
cv_n_repeats: 10
preprocessing_config:
  eps: 1.0e-06
  min_speed: 0.01
  max_hours: 9999.0
