model_type: coxnet
model_params:
  l1_ratio: 0.8827026460443566
  alpha_min_ratio: 0.03805921158864365
  n_alphas: 299
  max_iter: 14299
  tol: 6.765578342617923e-06
seed: 777
cv_n_splits: 5
cv_n_repeats: 10
preprocessing_config:
  eps: 1.0e-06
  min_speed: 0.01
  max_hours: 9999.0
