model_type: coxnet
model_params:
  l1_ratio: 0.1227052877532242
  alpha_min_ratio: 0.018223909279876892
  n_alphas: 51
  max_iter: 330
  tol: 6.433300544841918e-07
seed: 42
cv_n_splits: 5
cv_n_repeats: 10
preprocessing_config:
  eps: 1.0e-06
  min_speed: 0.01
  max_hours: 9999.0
