model_type: coxnet
model_params:
  l1_ratio: 0.9850751759991151
  alpha_min_ratio: 0.026710924431947673
  n_alphas: 109
  max_iter: 1419
  tol: 3.1178971936990564e-07
seed: 42
cv_n_splits: 5
cv_n_repeats: 10
preprocessing_config:
  eps: 1.0e-06
  min_speed: 0.01
  max_hours: 9999.0
