model_type: coxnet
model_params:
  l1_ratio: 0.7891650018010733
  alpha_min_ratio: 0.06546702852928332
  n_alphas: 275
  max_iter: 15953
  tol: 1.918508470264469e-06
seed: 42
cv_n_splits: 5
cv_n_repeats: 10
preprocessing_config:
  eps: 1.0e-06
  min_speed: 0.01
  max_hours: 9999.0
