model_type: gbsa
model_params:
  loss: coxph
  n_estimators: 410
  learning_rate: 0.10973936267903346
  subsample: 0.8168451832410255
  max_depth: 4
  max_features: 0.3
  max_leaf_nodes: null
  min_samples_split: 2
  min_samples_leaf: 15
  min_weight_fraction_leaf: 0.0
  min_impurity_decrease: 0.02626983131720735
  criterion: friedman_mse
  ccp_alpha: 0.0006034290846003602
  dropout_rate: 0.016664388772858668
  validation_fraction: 0.15604820645635561
  n_iter_no_change: null
  tol: 0.0007253440051406026
  random_state: 42
  warm_start: false
  verbose: 0
seed: 42
cv_n_splits: 5
cv_n_repeats: 10
preprocessing_config:
  eps: 1.0e-06
  min_speed: 0.01
  max_hours: 9999.0
