model_type: coxnet
model_params:
  l1_ratio: 0.9500559533896697
  alpha_min_ratio: 0.0345622888440878
  n_alphas: 210
  max_iter: 16263
  tol: 2.9400719531178e-08
seed: 2023
cv_n_splits: 5
cv_n_repeats: 10
preprocessing_config:
  eps: 1.0e-06
  min_speed: 0.01
  max_hours: 9999.0
