model_type: coxnet
model_params:
  l1_ratio: 0.9539951574687376
  alpha_min_ratio: 0.07313028554938351
  n_alphas: 88
  max_iter: 13564
  tol: 6.5402913907442025e-06
seed: 777
cv_n_splits: 5
cv_n_repeats: 10
preprocessing_config:
  eps: 1.0e-06
  min_speed: 0.01
  max_hours: 9999.0
