model_type: coxnet
model_params:
  l1_ratio: 0.04369765848389279
  alpha_min_ratio: 0.00464771479445004
  n_alphas: 274
  max_iter: 1711
  tol: 2.6486957953428466e-06
seed: 42
cv_n_splits: 5
cv_n_repeats: 10
preprocessing_config:
  eps: 1.0e-06
  min_speed: 0.01
  max_hours: 9999.0
