model_type: coxnet
model_params:
  l1_ratio: 0.9752199876520864
  alpha_min_ratio: 0.024658127745354443
  n_alphas: 257
  max_iter: 1698
  tol: 1.999937654087723e-05
seed: 42
cv_n_splits: 5
cv_n_repeats: 10
preprocessing_config:
  eps: 1.0e-06
  min_speed: 0.01
  max_hours: 9999.0
