model_type: coxnet
model_params:
  l1_ratio: 0.9782674291150554
  alpha_min_ratio: 0.056394538904296805
  n_alphas: 228
  max_iter: 14875
  tol: 3.317854018968925e-05
seed: 2023
cv_n_splits: 5
cv_n_repeats: 10
preprocessing_config:
  eps: 1.0e-06
  min_speed: 0.01
  max_hours: 9999.0
