model_type: coxnet
model_params:
  l1_ratio: 0.7155553017306645
  alpha_min_ratio: 0.0001327355118289205
  n_alphas: 175
  max_iter: 4367
  tol: 7.289201786595847e-08
seed: 1024
cv_n_splits: 5
cv_n_repeats: 10
preprocessing_config:
  eps: 1.0e-06
  min_speed: 0.01
  max_hours: 9999.0
