model_type: coxnet
model_params:
  l1_ratio: 0.9626639488790248
  alpha_min_ratio: 0.07403086013385958
  n_alphas: 66
  max_iter: 15220
  tol: 3.0316050751166323e-05
seed: 2023
cv_n_splits: 5
cv_n_repeats: 10
preprocessing_config:
  eps: 1.0e-06
  min_speed: 0.01
  max_hours: 9999.0
