model_type: coxnet
model_params:
  l1_ratio: 0.3658131829105914
  alpha_min_ratio: 0.011137787764638592
  n_alphas: 53
  max_iter: 3042
  tol: 7.865775290261088e-05
seed: 2023
cv_n_splits: 5
cv_n_repeats: 10
preprocessing_config:
  eps: 1.0e-06
  min_speed: 0.01
  max_hours: 9999.0
