model_type: coxnet
model_params:
  l1_ratio: 0.9120446491395718
  alpha_min_ratio: 0.07513134155236498
  n_alphas: 174
  max_iter: 11943
  tol: 7.175239878693738e-06
seed: 777
cv_n_splits: 5
cv_n_repeats: 10
preprocessing_config:
  eps: 1.0e-06
  min_speed: 0.01
  max_hours: 9999.0
