model_type: coxnet
model_params:
  l1_ratio: 0.7885212344250325
  alpha_min_ratio: 0.006978395885518688
  n_alphas: 107
  max_iter: 13445
  tol: 3.732823943694197e-07
seed: 1024
cv_n_splits: 5
cv_n_repeats: 10
preprocessing_config:
  eps: 1.0e-06
  min_speed: 0.01
  max_hours: 9999.0
