model_type: coxnet
model_params:
  l1_ratio: 0.9986732812440425
  alpha_min_ratio: 0.02773505877960798
  n_alphas: 267
  max_iter: 920
  tol: 9.889992251568102e-05
seed: 42
cv_n_splits: 5
cv_n_repeats: 10
preprocessing_config:
  eps: 1.0e-06
  min_speed: 0.01
  max_hours: 9999.0
