model_type: coxnet
model_params:
  l1_ratio: 0.8231635234076488
  alpha_min_ratio: 0.07765154456934367
  n_alphas: 142
  max_iter: 9074
  tol: 1.6430957076764616e-07
seed: 777
cv_n_splits: 5
cv_n_repeats: 10
preprocessing_config:
  eps: 1.0e-06
  min_speed: 0.01
  max_hours: 9999.0
