model_type: coxnet
model_params:
  l1_ratio: 0.10556507554151269
  alpha_min_ratio: 0.01865218063339308
  n_alphas: 294
  max_iter: 7322
  tol: 9.436010483308344e-08
seed: 777
cv_n_splits: 5
cv_n_repeats: 10
preprocessing_config:
  eps: 1.0e-06
  min_speed: 0.01
  max_hours: 9999.0
