model_type: coxnet
model_params:
  l1_ratio: 0.7992790445687168
  alpha_min_ratio: 0.015285217153910772
  n_alphas: 95
  max_iter: 13319
  tol: 3.989032870772205e-06
seed: 777
cv_n_splits: 5
cv_n_repeats: 10
preprocessing_config:
  eps: 1.0e-06
  min_speed: 0.01
  max_hours: 9999.0
