model_type: coxnet
model_params:
  l1_ratio: 0.818268658783482
  alpha_min_ratio: 0.0729886032174313
  n_alphas: 68
  max_iter: 1756
  tol: 9.725491013814792e-08
seed: 42
cv_n_splits: 5
cv_n_repeats: 10
preprocessing_config:
  eps: 1.0e-06
  min_speed: 0.01
  max_hours: 9999.0
