model_type: gbsa
model_params:
  loss: coxph
  n_estimators: 398
  learning_rate: 0.07900623874155265
  subsample: 0.7699303307036955
  max_depth: 3
  max_features: 0.3
  max_leaf_nodes: 8
  min_samples_split: 5
  min_samples_leaf: 11
  min_weight_fraction_leaf: 0.0
  min_impurity_decrease: 0.01374558272196856
  criterion: friedman_mse
  ccp_alpha: 0.009410421226299674
  dropout_rate: 0.04167733055422182
  validation_fraction: 0.27310364791922787
  n_iter_no_change: null
  tol: 0.0001725560263386686
  random_state: 777
  warm_start: false
  verbose: 0
seed: 777
cv_n_splits: 5
cv_n_repeats: 10
preprocessing_config:
  eps: 1.0e-06
  min_speed: 0.01
  max_hours: 9999.0
