model_type: coxnet
model_params:
  l1_ratio: 0.6455105088765654
  alpha_min_ratio: 0.007181712567481283
  n_alphas: 275
  max_iter: 16188
  tol: 4.364914029634071e-05
seed: 1024
cv_n_splits: 5
cv_n_repeats: 10
preprocessing_config:
  eps: 1.0e-06
  min_speed: 0.01
  max_hours: 9999.0
