model_type: coxnet
model_params:
  l1_ratio: 0.7859180046543288
  alpha_min_ratio: 0.05153280664916651
  n_alphas: 115
  max_iter: 13901
  tol: 2.1585743387815122e-06
seed: 777
cv_n_splits: 5
cv_n_repeats: 10
preprocessing_config:
  eps: 1.0e-06
  min_speed: 0.01
  max_hours: 9999.0
