model_type: coxnet
model_params:
  l1_ratio: 0.7530673338921845
  alpha_min_ratio: 0.0002562957373113643
  n_alphas: 51
  max_iter: 3840
  tol: 6.21950764213283e-06
seed: 1024
cv_n_splits: 5
cv_n_repeats: 10
preprocessing_config:
  eps: 1.0e-06
  min_speed: 0.01
  max_hours: 9999.0
