model_type: coxnet
model_params:
  l1_ratio: 0.7549357191829422
  alpha_min_ratio: 0.03787293209886427
  n_alphas: 230
  max_iter: 16392
  tol: 1.3014355286580216e-06
seed: 2023
cv_n_splits: 5
cv_n_repeats: 10
preprocessing_config:
  eps: 1.0e-06
  min_speed: 0.01
  max_hours: 9999.0
