model_type: coxnet
model_params:
  l1_ratio: 0.78890303504487
  alpha_min_ratio: 0.06554952659396719
  n_alphas: 250
  max_iter: 7314
  tol: 6.227462693172525e-05
seed: 777
cv_n_splits: 5
cv_n_repeats: 10
preprocessing_config:
  eps: 1.0e-06
  min_speed: 0.01
  max_hours: 9999.0
