model_type: coxnet
model_params:
  l1_ratio: 0.8836232273359423
  alpha_min_ratio: 0.076675121336962
  n_alphas: 170
  max_iter: 13972
  tol: 2.0073668031854544e-05
seed: 1024
cv_n_splits: 5
cv_n_repeats: 10
preprocessing_config:
  eps: 1.0e-06
  min_speed: 0.01
  max_hours: 9999.0
