model_type: coxnet
model_params:
  l1_ratio: 0.9113402196143368
  alpha_min_ratio: 0.01438331927373189
  n_alphas: 242
  max_iter: 14549
  tol: 7.373787724248795e-05
seed: 1024
cv_n_splits: 5
cv_n_repeats: 10
preprocessing_config:
  eps: 1.0e-06
  min_speed: 0.01
  max_hours: 9999.0
