model_type: coxnet
model_params:
  l1_ratio: 0.8243751933146409
  alpha_min_ratio: 0.04754492332688309
  n_alphas: 135
  max_iter: 13622
  tol: 1.2857576827206404e-06
seed: 1024
cv_n_splits: 5
cv_n_repeats: 10
preprocessing_config:
  eps: 1.0e-06
  min_speed: 0.01
  max_hours: 9999.0
