model_type: gbsa
model_params:
  loss: coxph
  n_estimators: 102
  learning_rate: 0.10141927135309374
  subsample: 0.8543913231379263
  max_depth: 4
  max_features: 0.3
  max_leaf_nodes: 8
  min_samples_split: 19
  min_samples_leaf: 2
  min_weight_fraction_leaf: 0.0
  min_impurity_decrease: 0.01849801724191393
  criterion: friedman_mse
  ccp_alpha: 0.0011609526355715895
  dropout_rate: 0.04478247480780158
  validation_fraction: 0.2197332393955842
  n_iter_no_change: null
  tol: 0.004045511175730124
  random_state: 1024
  warm_start: false
  verbose: 0
seed: 1024
cv_n_splits: 5
cv_n_repeats: 10
preprocessing_config:
  eps: 1.0e-06
  min_speed: 0.01
  max_hours: 9999.0
