model_type: coxnet
model_params:
  l1_ratio: 0.68298877902218
  alpha_min_ratio: 0.05214971222944492
  n_alphas: 188
  max_iter: 7806
  tol: 1.6786116531077406e-06
seed: 777
cv_n_splits: 5
cv_n_repeats: 10
preprocessing_config:
  eps: 1.0e-06
  min_speed: 0.01
  max_hours: 9999.0
