model_type: gbsa
model_params:
  loss: coxph
  n_estimators: 435
  learning_rate: 0.19497569126588257
  subsample: 0.5583700411845948
  max_depth: 2
  max_features: 0.5
  max_leaf_nodes: 8
  min_samples_split: 16
  min_samples_leaf: 1
  min_weight_fraction_leaf: 0.0
  min_impurity_decrease: 0.047290357641778885
  criterion: friedman_mse
  ccp_alpha: 0.0001728052597493184
  dropout_rate: 0.016898170184841427
  validation_fraction: 0.21423651655382517
  n_iter_no_change: null
  tol: 3.901046985807821e-05
  random_state: 777
  warm_start: false
  verbose: 0
seed: 777
cv_n_splits: 5
cv_n_repeats: 10
preprocessing_config:
  eps: 1.0e-06
  min_speed: 0.01
  max_hours: 9999.0
