model_type: coxnet
model_params:
  l1_ratio: 0.9188026153299106
  alpha_min_ratio: 0.07471838878843501
  n_alphas: 165
  max_iter: 13840
  tol: 4.042923352587535e-08
seed: 2023
cv_n_splits: 5
cv_n_repeats: 10
preprocessing_config:
  eps: 1.0e-06
  min_speed: 0.01
  max_hours: 9999.0
