model_type: coxnet
model_params:
  l1_ratio: 0.9387085007991842
  alpha_min_ratio: 0.0901008014392862
  n_alphas: 166
  max_iter: 19815
  tol: 5.042332379731722e-05
seed: 1024
cv_n_splits: 5
cv_n_repeats: 10
preprocessing_config:
  eps: 1.0e-06
  min_speed: 0.01
  max_hours: 9999.0
