model_type: coxnet
model_params:
  l1_ratio: 0.6651003429285327
  alpha_min_ratio: 0.00783433826090037
  n_alphas: 93
  max_iter: 1133
  tol: 8.740103983394679e-06
seed: 42
cv_n_splits: 5
cv_n_repeats: 10
preprocessing_config:
  eps: 1.0e-06
  min_speed: 0.01
  max_hours: 9999.0
