model_type: gbsa
model_params:
  loss: coxph
  n_estimators: 491
  learning_rate: 0.19882026388146345
  subsample: 0.6736022856870568
  max_depth: 6
  max_features: sqrt
  max_leaf_nodes: 16
  min_samples_split: 6
  min_samples_leaf: 14
  min_weight_fraction_leaf: 0.0
  min_impurity_decrease: 0.04700827701590296
  criterion: friedman_mse
  ccp_alpha: 4.204943742523137e-05
  dropout_rate: 0.05328852274906232
  validation_fraction: 0.21553687550649217
  n_iter_no_change: null
  tol: 1.5003104081188199e-05
  random_state: 777
  warm_start: false
  verbose: 0
seed: 777
cv_n_splits: 5
cv_n_repeats: 10
preprocessing_config:
  eps: 1.0e-06
  min_speed: 0.01
  max_hours: 9999.0
