model_type: coxnet
model_params:
  l1_ratio: 0.06634453222467962
  alpha_min_ratio: 0.004420308933412838
  n_alphas: 162
  max_iter: 1179
  tol: 4.606369111791923e-06
seed: 42
cv_n_splits: 5
cv_n_repeats: 10
preprocessing_config:
  eps: 1.0e-06
  min_speed: 0.01
  max_hours: 9999.0
