model_type: coxnet
model_params:
  l1_ratio: 0.9778408832934629
  alpha_min_ratio: 0.09015074630673393
  n_alphas: 160
  max_iter: 19664
  tol: 1.6940615399982195e-05
seed: 42
cv_n_splits: 5
cv_n_repeats: 10
preprocessing_config:
  eps: 1.0e-06
  min_speed: 0.01
  max_hours: 9999.0
