model_type: coxnet
model_params:
  l1_ratio: 0.8451185211567094
  alpha_min_ratio: 0.002436286607363123
  n_alphas: 94
  max_iter: 3284
  tol: 3.962837370188056e-08
seed: 42
cv_n_splits: 5
cv_n_repeats: 10
preprocessing_config:
  eps: 1.0e-06
  min_speed: 0.01
  max_hours: 9999.0
