model_type: coxnet
model_params:
  l1_ratio: 0.7945358978116167
  alpha_min_ratio: 0.08275796707265705
  n_alphas: 168
  max_iter: 12377
  tol: 8.37813828370027e-05
seed: 777
cv_n_splits: 5
cv_n_repeats: 10
preprocessing_config:
  eps: 1.0e-06
  min_speed: 0.01
  max_hours: 9999.0
