model_type: coxnet
model_params:
  l1_ratio: 0.9726905993852338
  alpha_min_ratio: 0.036656760438433605
  n_alphas: 162
  max_iter: 14519
  tol: 4.817700783030308e-05
seed: 1024
cv_n_splits: 5
cv_n_repeats: 10
preprocessing_config:
  eps: 1.0e-06
  min_speed: 0.01
  max_hours: 9999.0
