model_type: gbsa
model_params:
  loss: coxph
  n_estimators: 331
  learning_rate: 0.0712296924428924
  subsample: 0.5304170245350219
  max_depth: 1
  max_features: 0.7
  max_leaf_nodes: 8
  min_samples_split: 18
  min_samples_leaf: 9
  min_weight_fraction_leaf: 0.0
  min_impurity_decrease: 0.0369083861465491
  criterion: friedman_mse
  ccp_alpha: 6.157107882823628e-05
  dropout_rate: 0.061886554882573955
  validation_fraction: 0.16545145912341616
  n_iter_no_change: null
  tol: 0.00011142405184963262
  random_state: 777
  warm_start: false
  verbose: 0
seed: 777
cv_n_splits: 5
cv_n_repeats: 10
preprocessing_config:
  eps: 1.0e-06
  min_speed: 0.01
  max_hours: 9999.0
