seed: 42
cv_n_splits: 5
cv_n_repeats: 10
gbsa_config:
  loss: coxph
  n_estimators: 437
  learning_rate: 0.018066567086398196
  subsample: 0.9154100372684192
  max_depth: 4
  max_features: 1.0
  max_leaf_nodes: 16
  min_samples_split: 3
  min_samples_leaf: 3
  min_weight_fraction_leaf: 0.0
  min_impurity_decrease: 0.007588413558833097
  criterion: friedman_mse
  ccp_alpha: 0.0003738594289130083
  dropout_rate: 0.052554446625288624
  validation_fraction: 0.269976958331493
  n_iter_no_change: 20
  tol: 2.337106530428608e-05
  random_state: 42
  warm_start: false
  verbose: 0
preprocessing_config:
  eps: 1.0e-06
  min_speed: 0.01
  max_hours: 9999.0
