model_type: coxnet
model_params:
  l1_ratio: 0.983725304295635
  alpha_min_ratio: 0.014945048834203927
  n_alphas: 102
  max_iter: 18314
  tol: 9.049919011445107e-08
seed: 777
cv_n_splits: 5
cv_n_repeats: 10
preprocessing_config:
  eps: 1.0e-06
  min_speed: 0.01
  max_hours: 9999.0
