model_type: coxnet
model_params:
  l1_ratio: 0.41383098373567123
  alpha_min_ratio: 0.0012737161294467255
  n_alphas: 89
  max_iter: 524
  tol: 1.6429788982837846e-08
seed: 42
cv_n_splits: 5
cv_n_repeats: 10
preprocessing_config:
  eps: 1.0e-06
  min_speed: 0.01
  max_hours: 9999.0
