model_type: coxnet
model_params:
  l1_ratio: 0.6986250426387732
  alpha_min_ratio: 0.04124348591184617
  n_alphas: 262
  max_iter: 19647
  tol: 8.945678238779787e-07
seed: 42
cv_n_splits: 5
cv_n_repeats: 10
preprocessing_config:
  eps: 1.0e-06
  min_speed: 0.01
  max_hours: 9999.0
