model_type: gbsa
model_params:
  loss: coxph
  n_estimators: 146
  learning_rate: 0.14104981562149982
  subsample: 0.7299404267866813
  max_depth: 2
  max_features: 0.3
  max_leaf_nodes: 8
  min_samples_split: 16
  min_samples_leaf: 4
  min_weight_fraction_leaf: 0.0
  min_impurity_decrease: 0.038835405000336935
  criterion: friedman_mse
  ccp_alpha: 4.188651236490397e-05
  dropout_rate: 0.0018049203876809965
  validation_fraction: 0.11549685544524643
  n_iter_no_change: 10
  tol: 0.00026181616501110407
  random_state: 1024
  warm_start: false
  verbose: 0
seed: 1024
cv_n_splits: 5
cv_n_repeats: 10
preprocessing_config:
  eps: 1.0e-06
  min_speed: 0.01
  max_hours: 9999.0
