model_type: coxnet
model_params:
  l1_ratio: 0.9073383321209834
  alpha_min_ratio: 0.014371843523493412
  n_alphas: 116
  max_iter: 707
  tol: 2.3460635414657955e-05
seed: 42
cv_n_splits: 5
cv_n_repeats: 10
preprocessing_config:
  eps: 1.0e-06
  min_speed: 0.01
  max_hours: 9999.0
