model_type: coxnet
model_params:
  l1_ratio: 0.45232574291934746
  alpha_min_ratio: 0.0019067594876368468
  n_alphas: 262
  max_iter: 1019
  tol: 1.1639010490358286e-07
seed: 42
cv_n_splits: 5
cv_n_repeats: 10
preprocessing_config:
  eps: 1.0e-06
  min_speed: 0.01
  max_hours: 9999.0
