seed: 42
cv_n_splits: 5
cv_n_repeats: 10
gbsa_config:
  loss: coxph
  n_estimators: 190
  learning_rate: 0.058859767556483096
  subsample: 0.879911525762548
  max_depth: 5
  max_features: sqrt
  max_leaf_nodes: 8
  min_samples_split: 6
  min_samples_leaf: 11
  min_weight_fraction_leaf: 0.0
  min_impurity_decrease: 0.04905622306688166
  criterion: friedman_mse
  ccp_alpha: 2.6607113110293712e-05
  dropout_rate: 0.07005722349592491
  validation_fraction: 0.14496951010624295
  n_iter_no_change: null
  tol: 1.1771993482577082e-05
  random_state: 42
  warm_start: false
  verbose: 0
preprocessing_config:
  eps: 1.0e-06
  min_speed: 0.01
  max_hours: 9999.0
