model_type: coxnet
model_params:
  l1_ratio: 0.7783601315604427
  alpha_min_ratio: 0.031008600854238396
  n_alphas: 287
  max_iter: 18001
  tol: 8.357760170074109e-07
seed: 2023
cv_n_splits: 5
cv_n_repeats: 10
preprocessing_config:
  eps: 1.0e-06
  min_speed: 0.01
  max_hours: 9999.0
