model_type: coxnet
model_params:
  l1_ratio: 0.9852298280429368
  alpha_min_ratio: 0.050587076004527734
  n_alphas: 257
  max_iter: 19853
  tol: 2.770815367102444e-05
seed: 42
cv_n_splits: 5
cv_n_repeats: 10
preprocessing_config:
  eps: 1.0e-06
  min_speed: 0.01
  max_hours: 9999.0
