model_type: coxnet
model_params:
  l1_ratio: 0.5082290523518556
  alpha_min_ratio: 0.08548983014304969
  n_alphas: 163
  max_iter: 16041
  tol: 3.544772191599235e-05
seed: 1024
cv_n_splits: 5
cv_n_repeats: 10
preprocessing_config:
  eps: 1.0e-06
  min_speed: 0.01
  max_hours: 9999.0
