model_type: coxnet
model_params:
  l1_ratio: 0.9680096024789318
  alpha_min_ratio: 0.008626811387339324
  n_alphas: 223
  max_iter: 1076
  tol: 5.973258339240533e-07
seed: 42
cv_n_splits: 5
cv_n_repeats: 10
preprocessing_config:
  eps: 1.0e-06
  min_speed: 0.01
  max_hours: 9999.0
