model_type: coxnet
model_params:
  l1_ratio: 0.6288342843593004
  alpha_min_ratio: 0.00014766247926875718
  n_alphas: 246
  max_iter: 7097
  tol: 1.3652559240971402e-08
seed: 42
cv_n_splits: 5
cv_n_repeats: 10
preprocessing_config:
  eps: 1.0e-06
  min_speed: 0.01
  max_hours: 9999.0
