model_type: coxnet
model_params:
  l1_ratio: 0.8829312918587492
  alpha_min_ratio: 0.07568658150630474
  n_alphas: 248
  max_iter: 15132
  tol: 1.2974137505622401e-08
seed: 2023
cv_n_splits: 5
cv_n_repeats: 10
preprocessing_config:
  eps: 1.0e-06
  min_speed: 0.01
  max_hours: 9999.0
