model_type: coxnet
model_params:
  l1_ratio: 0.9984466825531506
  alpha_min_ratio: 0.09599662944752352
  n_alphas: 292
  max_iter: 13411
  tol: 9.386118227510636e-05
seed: 1024
cv_n_splits: 5
cv_n_repeats: 10
preprocessing_config:
  eps: 1.0e-06
  min_speed: 0.01
  max_hours: 9999.0
