model_type: coxnet
model_params:
  l1_ratio: 0.9504423218287862
  alpha_min_ratio: 0.06728846067147935
  n_alphas: 84
  max_iter: 19810
  tol: 9.320400554631564e-07
seed: 777
cv_n_splits: 5
cv_n_repeats: 10
preprocessing_config:
  eps: 1.0e-06
  min_speed: 0.01
  max_hours: 9999.0
