model_type: gbsa
model_params:
  loss: coxph
  n_estimators: 431
  learning_rate: 0.12242778555999675
  subsample: 0.6793755173097386
  max_depth: 1
  max_features: sqrt
  max_leaf_nodes: 63
  min_samples_split: 15
  min_samples_leaf: 14
  min_weight_fraction_leaf: 0.0
  min_impurity_decrease: 0.04147539075806529
  criterion: friedman_mse
  ccp_alpha: 7.99103288222492e-07
  dropout_rate: 0.00017807001097836297
  validation_fraction: 0.23190721009586773
  n_iter_no_change: null
  tol: 0.00023045933171893812
  random_state: 2023
  warm_start: false
  verbose: 0
seed: 2023
cv_n_splits: 5
cv_n_repeats: 10
preprocessing_config:
  eps: 1.0e-06
  min_speed: 0.01
  max_hours: 9999.0
