model_type: coxnet
model_params:
  l1_ratio: 0.9543782384146497
  alpha_min_ratio: 0.0273577251450369
  n_alphas: 150
  max_iter: 11845
  tol: 2.771843729150859e-06
seed: 777
cv_n_splits: 5
cv_n_repeats: 10
preprocessing_config:
  eps: 1.0e-06
  min_speed: 0.01
  max_hours: 9999.0
