model_type: coxnet
model_params:
  l1_ratio: 0.9728199362046777
  alpha_min_ratio: 0.04516647097647944
  n_alphas: 78
  max_iter: 18842
  tol: 1.680543127501315e-07
seed: 2023
cv_n_splits: 5
cv_n_repeats: 10
preprocessing_config:
  eps: 1.0e-06
  min_speed: 0.01
  max_hours: 9999.0
