model_type: coxnet
model_params:
  l1_ratio: 0.9439956950054772
  alpha_min_ratio: 0.019428905058360885
  n_alphas: 298
  max_iter: 15766
  tol: 8.355306246384292e-06
seed: 1024
cv_n_splits: 5
cv_n_repeats: 10
preprocessing_config:
  eps: 1.0e-06
  min_speed: 0.01
  max_hours: 9999.0
