model_type: gbsa
model_params:
  loss: coxph
  n_estimators: 426
  learning_rate: 0.19789027899561784
  subsample: 0.8278405899501847
  max_depth: 4
  max_features: 1.0
  max_leaf_nodes: 63
  min_samples_split: 6
  min_samples_leaf: 3
  min_weight_fraction_leaf: 0.0
  min_impurity_decrease: 0.04998038098016491
  criterion: friedman_mse
  ccp_alpha: 0.0010256490802178688
  dropout_rate: 0.0434231528639334
  validation_fraction: 0.2028803028752853
  n_iter_no_change: null
  tol: 0.0063811096207330754
  random_state: 42
  warm_start: false
  verbose: 0
seed: 42
cv_n_splits: 5
cv_n_repeats: 10
preprocessing_config:
  eps: 1.0e-06
  min_speed: 0.01
  max_hours: 9999.0
