model_type: coxnet
model_params:
  l1_ratio: 0.9694599276602532
  alpha_min_ratio: 0.08554659380341148
  n_alphas: 300
  max_iter: 18747
  tol: 5.2019800320318915e-06
seed: 42
cv_n_splits: 5
cv_n_repeats: 10
preprocessing_config:
  eps: 1.0e-06
  min_speed: 0.01
  max_hours: 9999.0
