model_type: gbsa
model_params:
  loss: coxph
  n_estimators: 103
  learning_rate: 0.10219698447083135
  subsample: 0.6924547449720979
  max_depth: 6
  max_features: 1.0
  max_leaf_nodes: 8
  min_samples_split: 9
  min_samples_leaf: 12
  min_weight_fraction_leaf: 0.0
  min_impurity_decrease: 0.03100709073908441
  criterion: friedman_mse
  ccp_alpha: 1.1011649592124886e-05
  dropout_rate: 0.1020638898027409
  validation_fraction: 0.21823646736301663
  n_iter_no_change: null
  tol: 2.7045783921875093e-05
  random_state: 777
  warm_start: false
  verbose: 0
seed: 777
cv_n_splits: 5
cv_n_repeats: 10
preprocessing_config:
  eps: 1.0e-06
  min_speed: 0.01
  max_hours: 9999.0
