model_type: gbsa
model_params:
  loss: coxph
  n_estimators: 470
  learning_rate: 0.15775970927105676
  subsample: 0.5294519713182192
  max_depth: 5
  max_features: null
  max_leaf_nodes: 8
  min_samples_split: 4
  min_samples_leaf: 17
  min_weight_fraction_leaf: 0.0
  min_impurity_decrease: 0.014095941080725463
  criterion: friedman_mse
  ccp_alpha: 1.0073380277632026e-06
  dropout_rate: 0.04248561419771754
  validation_fraction: 0.18656476566129568
  n_iter_no_change: null
  tol: 0.0007762441949962885
  random_state: 2023
  warm_start: false
  verbose: 0
seed: 2023
cv_n_splits: 5
cv_n_repeats: 10
preprocessing_config:
  eps: 1.0e-06
  min_speed: 0.01
  max_hours: 9999.0
