model_type: gbsa
model_params:
  loss: coxph
  n_estimators: 482
  learning_rate: 0.10005194186613958
  subsample: 0.5208613178191128
  max_depth: 3
  max_features: 0.3
  max_leaf_nodes: 8
  min_samples_split: 8
  min_samples_leaf: 18
  min_weight_fraction_leaf: 0.0
  min_impurity_decrease: 0.024581120473531157
  criterion: friedman_mse
  ccp_alpha: 0.007377475986853146
  dropout_rate: 0.08557110785572213
  validation_fraction: 0.2679867483426732
  n_iter_no_change: 10
  tol: 0.00043827774093711835
  random_state: 2023
  warm_start: false
  verbose: 0
seed: 2023
cv_n_splits: 5
cv_n_repeats: 10
preprocessing_config:
  eps: 1.0e-06
  min_speed: 0.01
  max_hours: 9999.0
