model_type: gbsa
model_params:
  loss: coxph
  n_estimators: 90
  learning_rate: 0.19241414512826138
  subsample: 0.7932351189654681
  max_depth: 3
  max_features: 0.5
  max_leaf_nodes: 16
  min_samples_split: 12
  min_samples_leaf: 3
  min_weight_fraction_leaf: 0.0
  min_impurity_decrease: 0.04047699631376887
  criterion: friedman_mse
  ccp_alpha: 0.0271505172908718
  dropout_rate: 0.10945734946250933
  validation_fraction: 0.2990550500807982
  n_iter_no_change: 5
  tol: 0.00030922112488736525
  random_state: 777
  warm_start: false
  verbose: 0
seed: 777
cv_n_splits: 5
cv_n_repeats: 10
preprocessing_config:
  eps: 1.0e-06
  min_speed: 0.01
  max_hours: 9999.0
