model_type: coxnet
model_params:
  l1_ratio: 0.04877478674105562
  alpha_min_ratio: 0.0009777636691037925
  n_alphas: 124
  max_iter: 8696
  tol: 1.3155443461739966e-05
seed: 42
cv_n_splits: 5
cv_n_repeats: 10
preprocessing_config:
  eps: 1.0e-06
  min_speed: 0.01
  max_hours: 9999.0
