model_type: gbsa
model_params:
  loss: coxph
  n_estimators: 482
  learning_rate: 0.11629239640848574
  subsample: 0.7934972869083696
  max_depth: 4
  max_features: 0.3
  max_leaf_nodes: null
  min_samples_split: 6
  min_samples_leaf: 3
  min_weight_fraction_leaf: 0.0
  min_impurity_decrease: 0.04858062948555783
  criterion: friedman_mse
  ccp_alpha: 0.009221041900233968
  dropout_rate: 0.008918546433201563
  validation_fraction: 0.152959551353816
  n_iter_no_change: null
  tol: 0.005894157078444314
  random_state: 42
  warm_start: false
  verbose: 0
seed: 42
cv_n_splits: 5
cv_n_repeats: 10
preprocessing_config:
  eps: 1.0e-06
  min_speed: 0.01
  max_hours: 9999.0
