model_type: gbsa
model_params:
  loss: coxph
  n_estimators: 313
  learning_rate: 0.1256510199998721
  subsample: 0.502298992571328
  max_depth: 6
  max_features: null
  max_leaf_nodes: 16
  min_samples_split: 13
  min_samples_leaf: 15
  min_weight_fraction_leaf: 0.0
  min_impurity_decrease: 0.048880098033643196
  criterion: friedman_mse
  ccp_alpha: 4.0023345056527486e-08
  dropout_rate: 0.03652368139575658
  validation_fraction: 0.17299407111632392
  n_iter_no_change: null
  tol: 6.177161442345778e-05
  random_state: 2023
  warm_start: false
  verbose: 0
seed: 2023
cv_n_splits: 5
cv_n_repeats: 10
preprocessing_config:
  eps: 1.0e-06
  min_speed: 0.01
  max_hours: 9999.0
