model_type: coxnet
model_params:
  l1_ratio: 0.9619652914035343
  alpha_min_ratio: 0.0943130667513717
  n_alphas: 206
  max_iter: 10341
  tol: 3.012205393367233e-08
seed: 2023
cv_n_splits: 5
cv_n_repeats: 10
preprocessing_config:
  eps: 1.0e-06
  min_speed: 0.01
  max_hours: 9999.0
