model_type: coxnet
model_params:
  l1_ratio: 0.03549471232744622
  alpha_min_ratio: 0.005662829489904295
  n_alphas: 207
  max_iter: 602
  tol: 6.227086309758294e-05
seed: 42
cv_n_splits: 5
cv_n_repeats: 10
preprocessing_config:
  eps: 1.0e-06
  min_speed: 0.01
  max_hours: 9999.0
