model_type: coxnet
model_params:
  l1_ratio: 0.8436091074936859
  alpha_min_ratio: 0.09200274978865845
  n_alphas: 149
  max_iter: 9239
  tol: 6.49426992356357e-08
seed: 2023
cv_n_splits: 5
cv_n_repeats: 10
preprocessing_config:
  eps: 1.0e-06
  min_speed: 0.01
  max_hours: 9999.0
