model_type: coxnet
model_params:
  l1_ratio: 0.9037261370980695
  alpha_min_ratio: 0.0389836463643009
  n_alphas: 278
  max_iter: 12368
  tol: 6.600531475839777e-05
seed: 1024
cv_n_splits: 5
cv_n_repeats: 10
preprocessing_config:
  eps: 1.0e-06
  min_speed: 0.01
  max_hours: 9999.0
