model_type: coxnet
model_params:
  l1_ratio: 0.21591060820347263
  alpha_min_ratio: 0.06831629557160156
  n_alphas: 98
  max_iter: 15989
  tol: 4.944141349622375e-07
seed: 1024
cv_n_splits: 5
cv_n_repeats: 10
preprocessing_config:
  eps: 1.0e-06
  min_speed: 0.01
  max_hours: 9999.0
