model_type: gbsa
model_params:
  loss: coxph
  n_estimators: 152
  learning_rate: 0.04729414201361915
  subsample: 0.629665648882993
  max_depth: 1
  max_features: sqrt
  max_leaf_nodes: 63
  min_samples_split: 10
  min_samples_leaf: 18
  min_weight_fraction_leaf: 0.0
  min_impurity_decrease: 0.03242507966954476
  criterion: friedman_mse
  ccp_alpha: 0.010958770929901336
  dropout_rate: 0.06860720651225333
  validation_fraction: 0.14262243035949254
  n_iter_no_change: 5
  tol: 0.00010422573991818676
  random_state: 777
  warm_start: false
  verbose: 0
seed: 777
cv_n_splits: 5
cv_n_repeats: 10
preprocessing_config:
  eps: 1.0e-06
  min_speed: 0.01
  max_hours: 9999.0
