model_type: coxnet
model_params:
  l1_ratio: 0.8087870714628785
  alpha_min_ratio: 0.07910559186421555
  n_alphas: 160
  max_iter: 18733
  tol: 5.054896642122101e-07
seed: 2023
cv_n_splits: 5
cv_n_repeats: 10
preprocessing_config:
  eps: 1.0e-06
  min_speed: 0.01
  max_hours: 9999.0
