model_type: coxnet
model_params:
  l1_ratio: 0.7644900337286991
  alpha_min_ratio: 0.06702055294482084
  n_alphas: 218
  max_iter: 18342
  tol: 1.014103976087302e-05
seed: 42
cv_n_splits: 5
cv_n_repeats: 10
preprocessing_config:
  eps: 1.0e-06
  min_speed: 0.01
  max_hours: 9999.0
