model_type: gbsa
model_params:
  loss: coxph
  n_estimators: 259
  learning_rate: 0.08391400324996885
  subsample: 0.6430814207085259
  max_depth: 3
  max_features: 0.7
  max_leaf_nodes: 31
  min_samples_split: 14
  min_samples_leaf: 16
  min_weight_fraction_leaf: 0.0
  min_impurity_decrease: 0.03621219132964597
  criterion: friedman_mse
  ccp_alpha: 0.03540229887416397
  dropout_rate: 0.05938721242792332
  validation_fraction: 0.1565995938531994
  n_iter_no_change: null
  tol: 2.7040405266397774e-05
  random_state: 777
  warm_start: false
  verbose: 0
seed: 777
cv_n_splits: 5
cv_n_repeats: 10
preprocessing_config:
  eps: 1.0e-06
  min_speed: 0.01
  max_hours: 9999.0
