model_type: gbsa
model_params:
  loss: coxph
  n_estimators: 311
  learning_rate: 0.010862957270187708
  subsample: 0.5034658098589608
  max_depth: 3
  max_features: log2
  max_leaf_nodes: null
  min_samples_split: 14
  min_samples_leaf: 2
  min_weight_fraction_leaf: 0.0
  min_impurity_decrease: 0.04347003391653894
  criterion: friedman_mse
  ccp_alpha: 0.00038000021238440154
  dropout_rate: 0.02348617430833016
  validation_fraction: 0.2494672923622223
  n_iter_no_change: null
  tol: 3.8249322781116986e-05
  random_state: 777
  warm_start: false
  verbose: 0
seed: 777
cv_n_splits: 5
cv_n_repeats: 10
preprocessing_config:
  eps: 1.0e-06
  min_speed: 0.01
  max_hours: 9999.0
