model_type: coxnet
model_params:
  l1_ratio: 0.9077100671885224
  alpha_min_ratio: 0.05094797581900817
  n_alphas: 280
  max_iter: 1617
  tol: 1.2069602228171479e-06
seed: 42
cv_n_splits: 5
cv_n_repeats: 10
preprocessing_config:
  eps: 1.0e-06
  min_speed: 0.01
  max_hours: 9999.0
