model_type: gbsa
model_params:
  loss: coxph
  n_estimators: 250
  learning_rate: 0.05541803478350971
  subsample: 0.623180687299835
  max_depth: 3
  max_features: null
  max_leaf_nodes: 8
  min_samples_split: 17
  min_samples_leaf: 10
  min_weight_fraction_leaf: 0.0
  min_impurity_decrease: 0.042500786200807855
  criterion: friedman_mse
  ccp_alpha: 1.554523333854159e-06
  dropout_rate: 0.07256114490861035
  validation_fraction: 0.156729189799936
  n_iter_no_change: 10
  tol: 4.7226746047016196e-05
  random_state: 777
  warm_start: false
  verbose: 0
seed: 777
cv_n_splits: 5
cv_n_repeats: 10
preprocessing_config:
  eps: 1.0e-06
  min_speed: 0.01
  max_hours: 9999.0
