model_type: coxnet
model_params:
  l1_ratio: 0.9819781377618063
  alpha_min_ratio: 0.07977785155517755
  n_alphas: 237
  max_iter: 15590
  tol: 6.936767753135686e-06
seed: 42
cv_n_splits: 5
cv_n_repeats: 10
preprocessing_config:
  eps: 1.0e-06
  min_speed: 0.01
  max_hours: 9999.0
