model_type: coxnet
model_params:
  l1_ratio: 0.9922303451931734
  alpha_min_ratio: 0.038328028670368414
  n_alphas: 255
  max_iter: 19857
  tol: 8.590219384431336e-06
seed: 42
cv_n_splits: 5
cv_n_repeats: 10
preprocessing_config:
  eps: 1.0e-06
  min_speed: 0.01
  max_hours: 9999.0
