model_type: coxnet
model_params:
  l1_ratio: 0.9697099431172382
  alpha_min_ratio: 0.09679672811153912
  n_alphas: 157
  max_iter: 9782
  tol: 1.1052212823658316e-06
seed: 777
cv_n_splits: 5
cv_n_repeats: 10
preprocessing_config:
  eps: 1.0e-06
  min_speed: 0.01
  max_hours: 9999.0
