model_type: coxnet
model_params:
  l1_ratio: 0.8567639462538665
  alpha_min_ratio: 0.06274958941138518
  n_alphas: 93
  max_iter: 19570
  tol: 2.3726569966391673e-07
seed: 777
cv_n_splits: 5
cv_n_repeats: 10
preprocessing_config:
  eps: 1.0e-06
  min_speed: 0.01
  max_hours: 9999.0
