model_type: coxnet
model_params:
  l1_ratio: 0.9523821495942695
  alpha_min_ratio: 0.09440672381738745
  n_alphas: 274
  max_iter: 14138
  tol: 1.0968391259468084e-05
seed: 1024
cv_n_splits: 5
cv_n_repeats: 10
preprocessing_config:
  eps: 1.0e-06
  min_speed: 0.01
  max_hours: 9999.0
