model_type: coxnet
model_params:
  l1_ratio: 0.9032205022912918
  alpha_min_ratio: 0.047482073096901604
  n_alphas: 162
  max_iter: 6027
  tol: 1.4475266589888233e-08
seed: 1024
cv_n_splits: 5
cv_n_repeats: 10
preprocessing_config:
  eps: 1.0e-06
  min_speed: 0.01
  max_hours: 9999.0
