model_type: gbsa
model_params:
  loss: coxph
  n_estimators: 322
  learning_rate: 0.0720693195846527
  subsample: 0.815365533463501
  max_depth: 3
  max_features: 0.3
  max_leaf_nodes: 16
  min_samples_split: 15
  min_samples_leaf: 8
  min_weight_fraction_leaf: 0.0
  min_impurity_decrease: 0.028757680576595418
  criterion: friedman_mse
  ccp_alpha: 5.0366000303388274e-05
  dropout_rate: 0.10693373218075525
  validation_fraction: 0.21789886370570413
  n_iter_no_change: 5
  tol: 0.004117787120441683
  random_state: 1024
  warm_start: false
  verbose: 0
seed: 1024
cv_n_splits: 5
cv_n_repeats: 10
preprocessing_config:
  eps: 1.0e-06
  min_speed: 0.01
  max_hours: 9999.0
