model_type: gbsa
model_params:
  loss: coxph
  n_estimators: 358
  learning_rate: 0.06854665930304314
  subsample: 0.794494488595008
  max_depth: 6
  max_features: 0.7
  max_leaf_nodes: 16
  min_samples_split: 9
  min_samples_leaf: 15
  min_weight_fraction_leaf: 0.0
  min_impurity_decrease: 0.007248231204905148
  criterion: friedman_mse
  ccp_alpha: 0.0013137767053685216
  dropout_rate: 0.257698640789779
  validation_fraction: 0.16652467088639505
  n_iter_no_change: 5
  tol: 0.0010380948665619373
  random_state: 2023
  warm_start: false
  verbose: 0
seed: 2023
cv_n_splits: 5
cv_n_repeats: 10
preprocessing_config:
  eps: 1.0e-06
  min_speed: 0.01
  max_hours: 9999.0
