model_type: coxnet
model_params:
  l1_ratio: 0.9172049558008253
  alpha_min_ratio: 0.09716967807072358
  n_alphas: 266
  max_iter: 12793
  tol: 1.063822868107374e-07
seed: 2023
cv_n_splits: 5
cv_n_repeats: 10
preprocessing_config:
  eps: 1.0e-06
  min_speed: 0.01
  max_hours: 9999.0
