model_type: coxnet
model_params:
  l1_ratio: 0.8660240655971253
  alpha_min_ratio: 0.022543202379168195
  n_alphas: 292
  max_iter: 13220
  tol: 9.380312507704701e-05
seed: 1024
cv_n_splits: 5
cv_n_repeats: 10
preprocessing_config:
  eps: 1.0e-06
  min_speed: 0.01
  max_hours: 9999.0
