model_type: gbsa
model_params:
  loss: coxph
  n_estimators: 304
  learning_rate: 0.1431820983469447
  subsample: 0.550494511862526
  max_depth: 4
  max_features: 0.5
  max_leaf_nodes: 63
  min_samples_split: 13
  min_samples_leaf: 3
  min_weight_fraction_leaf: 0.0
  min_impurity_decrease: 0.04096158307802933
  criterion: friedman_mse
  ccp_alpha: 0.0006596945524090711
  dropout_rate: 0.30505801725973336
  validation_fraction: 0.19834887517242755
  n_iter_no_change: null
  tol: 0.006971305847824465
  random_state: 1024
  warm_start: false
  verbose: 0
seed: 1024
cv_n_splits: 5
cv_n_repeats: 10
preprocessing_config:
  eps: 1.0e-06
  min_speed: 0.01
  max_hours: 9999.0
