model_type: coxnet
model_params:
  l1_ratio: 0.8798711769497606
  alpha_min_ratio: 0.05354688021011912
  n_alphas: 58
  max_iter: 16109
  tol: 2.462147032848251e-07
seed: 777
cv_n_splits: 5
cv_n_repeats: 10
preprocessing_config:
  eps: 1.0e-06
  min_speed: 0.01
  max_hours: 9999.0
