model_type: gbsa
model_params:
  loss: coxph
  n_estimators: 186
  learning_rate: 0.09799612248449893
  subsample: 0.808555521447351
  max_depth: 3
  max_features: 0.3
  max_leaf_nodes: 31
  min_samples_split: 14
  min_samples_leaf: 2
  min_weight_fraction_leaf: 0.0
  min_impurity_decrease: 0.014861479187898265
  criterion: friedman_mse
  ccp_alpha: 6.333702499014738e-07
  dropout_rate: 0.04155552062407933
  validation_fraction: 0.10804250960345259
  n_iter_no_change: null
  tol: 0.0008653780371467192
  random_state: 1024
  warm_start: false
  verbose: 0
seed: 1024
cv_n_splits: 5
cv_n_repeats: 10
preprocessing_config:
  eps: 1.0e-06
  min_speed: 0.01
  max_hours: 9999.0
