model_type: gbsa
model_params:
  loss: coxph
  n_estimators: 483
  learning_rate: 0.039982567527442094
  subsample: 0.5402964100863926
  max_depth: 5
  max_features: 0.3
  max_leaf_nodes: 8
  min_samples_split: 2
  min_samples_leaf: 1
  min_weight_fraction_leaf: 0.0
  min_impurity_decrease: 0.03954756709249311
  criterion: friedman_mse
  ccp_alpha: 0.0012953992579844988
  dropout_rate: 0.28708240660057416
  validation_fraction: 0.2756903500431483
  n_iter_no_change: 5
  tol: 2.9639632131159028e-05
  random_state: 777
  warm_start: false
  verbose: 0
seed: 777
cv_n_splits: 5
cv_n_repeats: 10
preprocessing_config:
  eps: 1.0e-06
  min_speed: 0.01
  max_hours: 9999.0
