model_type: coxnet
model_params:
  l1_ratio: 0.9896670523320562
  alpha_min_ratio: 0.08302216638717852
  n_alphas: 178
  max_iter: 16345
  tol: 1.4960866122149784e-05
seed: 1024
cv_n_splits: 5
cv_n_repeats: 10
preprocessing_config:
  eps: 1.0e-06
  min_speed: 0.01
  max_hours: 9999.0
