model_type: coxnet
model_params:
  l1_ratio: 0.49805590653022075
  alpha_min_ratio: 0.0021599413009753808
  n_alphas: 238
  max_iter: 19667
  tol: 2.4621560197423995e-07
seed: 42
cv_n_splits: 5
cv_n_repeats: 10
preprocessing_config:
  eps: 1.0e-06
  min_speed: 0.01
  max_hours: 9999.0
