model_type: gbsa
model_params:
  loss: coxph
  n_estimators: 196
  learning_rate: 0.13641388665977758
  subsample: 0.741826031125269
  max_depth: 2
  max_features: 1.0
  max_leaf_nodes: 16
  min_samples_split: 8
  min_samples_leaf: 1
  min_weight_fraction_leaf: 0.0
  min_impurity_decrease: 0.0423157533865871
  criterion: friedman_mse
  ccp_alpha: 0.0001496123619468349
  dropout_rate: 0.06331279308259859
  validation_fraction: 0.18143216233167095
  n_iter_no_change: null
  tol: 8.52831971522002e-05
  random_state: 1024
  warm_start: false
  verbose: 0
seed: 1024
cv_n_splits: 5
cv_n_repeats: 10
preprocessing_config:
  eps: 1.0e-06
  min_speed: 0.01
  max_hours: 9999.0
