model_type: gbsa
model_params:
  loss: coxph
  n_estimators: 280
  learning_rate: 0.047005923229896024
  subsample: 0.5009788241861362
  max_depth: 1
  max_features: sqrt
  max_leaf_nodes: 31
  min_samples_split: 19
  min_samples_leaf: 11
  min_weight_fraction_leaf: 0.0
  min_impurity_decrease: 0.023324973538862138
  criterion: friedman_mse
  ccp_alpha: 3.340318360987298e-08
  dropout_rate: 0.007929649475350251
  validation_fraction: 0.19812060761050798
  n_iter_no_change: null
  tol: 0.0005449739477879351
  random_state: 2023
  warm_start: false
  verbose: 0
seed: 2023
cv_n_splits: 5
cv_n_repeats: 10
preprocessing_config:
  eps: 1.0e-06
  min_speed: 0.01
  max_hours: 9999.0
