seed: 42
cv_n_splits: 5
cv_n_repeats: 10
gbsa_config:
  loss: coxph
  n_estimators: 369
  learning_rate: 0.13798473039723452
  subsample: 0.7259378393838941
  max_depth: 5
  max_features: 0.7
  max_leaf_nodes: null
  min_samples_split: 9
  min_samples_leaf: 12
  min_weight_fraction_leaf: 0.0
  min_impurity_decrease: 0.00929155746693721
  criterion: friedman_mse
  ccp_alpha: 5.678065134550432e-05
  dropout_rate: 0.04460539832002007
  validation_fraction: 0.2598437147428292
  n_iter_no_change: null
  tol: 3.5776579680066383e-05
  random_state: 42
  warm_start: false
  verbose: 0
preprocessing_config:
  eps: 1.0e-06
  min_speed: 0.01
  max_hours: 9999.0
