model_type: coxnet
model_params:
  l1_ratio: 0.8081122998206172
  alpha_min_ratio: 0.06827505684999649
  n_alphas: 164
  max_iter: 112
  tol: 2.6191908667311702e-06
seed: 42
cv_n_splits: 5
cv_n_repeats: 10
preprocessing_config:
  eps: 1.0e-06
  min_speed: 0.01
  max_hours: 9999.0
