model_type: coxnet
model_params:
  l1_ratio: 0.9045479334345778
  alpha_min_ratio: 0.07794386839114895
  n_alphas: 75
  max_iter: 16886
  tol: 3.11251051651376e-05
seed: 777
cv_n_splits: 5
cv_n_repeats: 10
preprocessing_config:
  eps: 1.0e-06
  min_speed: 0.01
  max_hours: 9999.0
