model_type: coxnet
model_params:
  l1_ratio: 0.9702338019723042
  alpha_min_ratio: 0.08418704825183751
  n_alphas: 225
  max_iter: 19846
  tol: 7.036477290204101e-05
seed: 42
cv_n_splits: 5
cv_n_repeats: 10
preprocessing_config:
  eps: 1.0e-06
  min_speed: 0.01
  max_hours: 9999.0
