model_type: coxnet
model_params:
  l1_ratio: 0.5420320420645063
  alpha_min_ratio: 0.00011869269736075952
  n_alphas: 210
  max_iter: 4249
  tol: 6.606460490559688e-07
seed: 42
cv_n_splits: 5
cv_n_repeats: 10
preprocessing_config:
  eps: 1.0e-06
  min_speed: 0.01
  max_hours: 9999.0
