model_type: coxnet
model_params:
  l1_ratio: 0.6859171476933896
  alpha_min_ratio: 0.06434551494735338
  n_alphas: 278
  max_iter: 10197
  tol: 5.6098824850002534e-05
seed: 1024
cv_n_splits: 5
cv_n_repeats: 10
preprocessing_config:
  eps: 1.0e-06
  min_speed: 0.01
  max_hours: 9999.0
