model_type: gbsa
model_params:
  loss: coxph
  n_estimators: 397
  learning_rate: 0.08956168893374993
  subsample: 0.7583473654187742
  max_depth: 2
  max_features: 0.3
  max_leaf_nodes: 63
  min_samples_split: 5
  min_samples_leaf: 1
  min_weight_fraction_leaf: 0.0
  min_impurity_decrease: 0.03166454803207784
  criterion: friedman_mse
  ccp_alpha: 6.817095256333802e-05
  dropout_rate: 0.07311012576690637
  validation_fraction: 0.1507941792253767
  n_iter_no_change: 10
  tol: 0.006102516014442894
  random_state: 42
  warm_start: false
  verbose: 0
seed: 42
cv_n_splits: 5
cv_n_repeats: 10
preprocessing_config:
  eps: 1.0e-06
  min_speed: 0.01
  max_hours: 9999.0
