model_type: coxnet
model_params:
  l1_ratio: 0.8839906909416761
  alpha_min_ratio: 0.09847611587705077
  n_alphas: 261
  max_iter: 13792
  tol: 1.4212001102259285e-06
seed: 2023
cv_n_splits: 5
cv_n_repeats: 10
preprocessing_config:
  eps: 1.0e-06
  min_speed: 0.01
  max_hours: 9999.0
