model_type: coxnet
model_params:
  l1_ratio: 0.7043299500801538
  alpha_min_ratio: 0.09488423594485013
  n_alphas: 51
  max_iter: 17212
  tol: 1.1785497817592014e-06
seed: 2023
cv_n_splits: 5
cv_n_repeats: 10
preprocessing_config:
  eps: 1.0e-06
  min_speed: 0.01
  max_hours: 9999.0
