model_type: gbsa
model_params:
  loss: coxph
  n_estimators: 440
  learning_rate: 0.043912634267488156
  subsample: 0.5380472530919288
  max_depth: 2
  max_features: sqrt
  max_leaf_nodes: 63
  min_samples_split: 18
  min_samples_leaf: 18
  min_weight_fraction_leaf: 0.0
  min_impurity_decrease: 0.00968235509589857
  criterion: friedman_mse
  ccp_alpha: 0.016807456408327755
  dropout_rate: 0.05503360082430842
  validation_fraction: 0.227996422332993
  n_iter_no_change: 5
  tol: 0.0009751616567437877
  random_state: 2023
  warm_start: false
  verbose: 0
seed: 2023
cv_n_splits: 5
cv_n_repeats: 10
preprocessing_config:
  eps: 1.0e-06
  min_speed: 0.01
  max_hours: 9999.0
