model_type: coxnet
model_params:
  l1_ratio: 0.881787155748302
  alpha_min_ratio: 0.07355324794252426
  n_alphas: 109
  max_iter: 6379
  tol: 2.0933451197609342e-05
seed: 777
cv_n_splits: 5
cv_n_repeats: 10
preprocessing_config:
  eps: 1.0e-06
  min_speed: 0.01
  max_hours: 9999.0
