model_type: coxnet
model_params:
  l1_ratio: 0.9588307891287356
  alpha_min_ratio: 0.017443492184761673
  n_alphas: 163
  max_iter: 14554
  tol: 5.3590153033761275e-05
seed: 1024
cv_n_splits: 5
cv_n_repeats: 10
preprocessing_config:
  eps: 1.0e-06
  min_speed: 0.01
  max_hours: 9999.0
