model_type: coxnet
model_params:
  l1_ratio: 0.9880025794289906
  alpha_min_ratio: 0.04142294228173876
  n_alphas: 145
  max_iter: 19484
  tol: 1.2083034372966919e-05
seed: 1024
cv_n_splits: 5
cv_n_repeats: 10
preprocessing_config:
  eps: 1.0e-06
  min_speed: 0.01
  max_hours: 9999.0
