model_type: gbsa
model_params:
  loss: coxph
  n_estimators: 303
  learning_rate: 0.04999752035629008
  subsample: 0.8271662200849538
  max_depth: 4
  max_features: 1.0
  max_leaf_nodes: null
  min_samples_split: 5
  min_samples_leaf: 19
  min_weight_fraction_leaf: 0.0
  min_impurity_decrease: 0.02929212334722531
  criterion: friedman_mse
  ccp_alpha: 0.00010591614358702074
  dropout_rate: 0.030651037591394422
  validation_fraction: 0.16903441913129283
  n_iter_no_change: null
  tol: 0.0024833221274256534
  random_state: 42
  warm_start: false
  verbose: 0
seed: 42
cv_n_splits: 5
cv_n_repeats: 10
preprocessing_config:
  eps: 1.0e-06
  min_speed: 0.01
  max_hours: 9999.0
