model_type: coxnet
model_params:
  l1_ratio: 0.7687422742538628
  alpha_min_ratio: 0.09533320302377213
  n_alphas: 212
  max_iter: 7597
  tol: 6.719707695437473e-08
seed: 2023
cv_n_splits: 5
cv_n_repeats: 10
preprocessing_config:
  eps: 1.0e-06
  min_speed: 0.01
  max_hours: 9999.0
