model_type: coxnet
model_params:
  l1_ratio: 0.8695114274502278
  alpha_min_ratio: 0.08692832995952833
  n_alphas: 71
  max_iter: 16963
  tol: 7.518832282029774e-05
seed: 1024
cv_n_splits: 5
cv_n_repeats: 10
preprocessing_config:
  eps: 1.0e-06
  min_speed: 0.01
  max_hours: 9999.0
