model_type: coxnet
model_params:
  l1_ratio: 0.9528367437689377
  alpha_min_ratio: 0.04284492934203623
  n_alphas: 107
  max_iter: 16679
  tol: 1.227317973848128e-07
seed: 1024
cv_n_splits: 5
cv_n_repeats: 10
preprocessing_config:
  eps: 1.0e-06
  min_speed: 0.01
  max_hours: 9999.0
