model_type: coxnet
model_params:
  l1_ratio: 0.9093592152285771
  alpha_min_ratio: 0.09123270137722683
  n_alphas: 110
  max_iter: 10423
  tol: 5.4797067215358105e-06
seed: 777
cv_n_splits: 5
cv_n_repeats: 10
preprocessing_config:
  eps: 1.0e-06
  min_speed: 0.01
  max_hours: 9999.0
