model_type: gbsa
model_params:
  loss: coxph
  n_estimators: 230
  learning_rate: 0.10213131304534043
  subsample: 0.7275873290823958
  max_depth: 4
  max_features: 0.3
  max_leaf_nodes: null
  min_samples_split: 5
  min_samples_leaf: 4
  min_weight_fraction_leaf: 0.0
  min_impurity_decrease: 0.011363820944022414
  criterion: friedman_mse
  ccp_alpha: 0.011366508379541864
  dropout_rate: 0.10623792010961093
  validation_fraction: 0.24856327825719662
  n_iter_no_change: 20
  tol: 0.006474226988638262
  random_state: 42
  warm_start: false
  verbose: 0
seed: 42
cv_n_splits: 5
cv_n_repeats: 10
preprocessing_config:
  eps: 1.0e-06
  min_speed: 0.01
  max_hours: 9999.0
