model_type: coxnet
model_params:
  l1_ratio: 0.6985664276496637
  alpha_min_ratio: 0.04466051562784577
  n_alphas: 281
  max_iter: 1800
  tol: 2.651736365425678e-07
seed: 42
cv_n_splits: 5
cv_n_repeats: 10
preprocessing_config:
  eps: 1.0e-06
  min_speed: 0.01
  max_hours: 9999.0
