model_type: coxnet
model_params:
  l1_ratio: 0.8225297514685318
  alpha_min_ratio: 0.06245953018670896
  n_alphas: 232
  max_iter: 8878
  tol: 1.1182203609103358e-06
seed: 2023
cv_n_splits: 5
cv_n_repeats: 10
preprocessing_config:
  eps: 1.0e-06
  min_speed: 0.01
  max_hours: 9999.0
