model_type: coxnet
model_params:
  l1_ratio: 0.9333168609954282
  alpha_min_ratio: 0.038313700579733524
  n_alphas: 251
  max_iter: 870
  tol: 7.506310310124555e-06
seed: 42
cv_n_splits: 5
cv_n_repeats: 10
preprocessing_config:
  eps: 1.0e-06
  min_speed: 0.01
  max_hours: 9999.0
