model_type: coxnet
model_params:
  l1_ratio: 0.7793340694048249
  alpha_min_ratio: 0.001065693086499585
  n_alphas: 180
  max_iter: 1807
  tol: 1.5867047241306535e-05
seed: 1024
cv_n_splits: 5
cv_n_repeats: 10
preprocessing_config:
  eps: 1.0e-06
  min_speed: 0.01
  max_hours: 9999.0
