model_type: gbsa
model_params:
  loss: coxph
  n_estimators: 312
  learning_rate: 0.18761336606072104
  subsample: 0.9596806800002982
  max_depth: 1
  max_features: log2
  max_leaf_nodes: 31
  min_samples_split: 18
  min_samples_leaf: 16
  min_weight_fraction_leaf: 0.0
  min_impurity_decrease: 0.04825358125356499
  criterion: friedman_mse
  ccp_alpha: 6.996624798162708e-08
  dropout_rate: 0.15194067763737293
  validation_fraction: 0.27495668770397336
  n_iter_no_change: null
  tol: 2.9901056381885692e-05
  random_state: 2023
  warm_start: false
  verbose: 0
seed: 2023
cv_n_splits: 5
cv_n_repeats: 10
preprocessing_config:
  eps: 1.0e-06
  min_speed: 0.01
  max_hours: 9999.0
