model_type: coxnet
model_params:
  l1_ratio: 0.7877300530020025
  alpha_min_ratio: 0.047895473870459115
  n_alphas: 157
  max_iter: 14588
  tol: 9.878205141198082e-05
seed: 1024
cv_n_splits: 5
cv_n_repeats: 10
preprocessing_config:
  eps: 1.0e-06
  min_speed: 0.01
  max_hours: 9999.0
