model_type: coxnet
model_params:
  l1_ratio: 0.99067668060737
  alpha_min_ratio: 0.015585866903229571
  n_alphas: 231
  max_iter: 14435
  tol: 2.8108039760960647e-05
seed: 42
cv_n_splits: 5
cv_n_repeats: 10
preprocessing_config:
  eps: 1.0e-06
  min_speed: 0.01
  max_hours: 9999.0
