model_type: coxnet
model_params:
  l1_ratio: 0.9921104385545224
  alpha_min_ratio: 0.071833149430495
  n_alphas: 103
  max_iter: 18129
  tol: 4.386215935534e-07
seed: 2023
cv_n_splits: 5
cv_n_repeats: 10
preprocessing_config:
  eps: 1.0e-06
  min_speed: 0.01
  max_hours: 9999.0
