model_type: coxnet
model_params:
  l1_ratio: 0.8657982817179084
  alpha_min_ratio: 0.06126880766159885
  n_alphas: 198
  max_iter: 5807
  tol: 6.116263767663442e-06
seed: 2023
cv_n_splits: 5
cv_n_repeats: 10
preprocessing_config:
  eps: 1.0e-06
  min_speed: 0.01
  max_hours: 9999.0
