model_type: coxnet
model_params:
  l1_ratio: 0.07421635929511472
  alpha_min_ratio: 0.0001774452373672578
  n_alphas: 276
  max_iter: 13243
  tol: 2.9318609009060494e-07
seed: 1024
cv_n_splits: 5
cv_n_repeats: 10
preprocessing_config:
  eps: 1.0e-06
  min_speed: 0.01
  max_hours: 9999.0
