model_type: coxnet
model_params:
  l1_ratio: 0.994132005694645
  alpha_min_ratio: 0.00013547067825725733
  n_alphas: 92
  max_iter: 19956
  tol: 1.4314445592836986e-08
seed: 2023
cv_n_splits: 5
cv_n_repeats: 10
preprocessing_config:
  eps: 1.0e-06
  min_speed: 0.01
  max_hours: 9999.0
