model_type: coxnet
model_params:
  l1_ratio: 0.8950060690901739
  alpha_min_ratio: 0.07681200968598768
  n_alphas: 266
  max_iter: 1938
  tol: 9.869175509497782e-07
seed: 42
cv_n_splits: 5
cv_n_repeats: 10
preprocessing_config:
  eps: 1.0e-06
  min_speed: 0.01
  max_hours: 9999.0
