model_type: coxnet
model_params:
  l1_ratio: 0.971957957850777
  alpha_min_ratio: 0.08004002198189435
  n_alphas: 214
  max_iter: 16564
  tol: 2.804853578324577e-06
seed: 42
cv_n_splits: 5
cv_n_repeats: 10
preprocessing_config:
  eps: 1.0e-06
  min_speed: 0.01
  max_hours: 9999.0
