model_type: gbsa
model_params:
  loss: coxph
  n_estimators: 407
  learning_rate: 0.06776608177803753
  subsample: 0.5226878286577483
  max_depth: 2
  max_features: log2
  max_leaf_nodes: null
  min_samples_split: 16
  min_samples_leaf: 19
  min_weight_fraction_leaf: 0.0
  min_impurity_decrease: 0.018065528543764805
  criterion: friedman_mse
  ccp_alpha: 4.11181031129887e-05
  dropout_rate: 0.13108996720760743
  validation_fraction: 0.2847192790278895
  n_iter_no_change: null
  tol: 0.005641951632331231
  random_state: 2023
  warm_start: false
  verbose: 0
seed: 2023
cv_n_splits: 5
cv_n_repeats: 10
preprocessing_config:
  eps: 1.0e-06
  min_speed: 0.01
  max_hours: 9999.0
