model_type: coxnet
model_params:
  l1_ratio: 0.9605727574827025
  alpha_min_ratio: 0.08176687163355709
  n_alphas: 193
  max_iter: 313
  tol: 1.7574619199431514e-06
seed: 42
cv_n_splits: 5
cv_n_repeats: 10
preprocessing_config:
  eps: 1.0e-06
  min_speed: 0.01
  max_hours: 9999.0
