model_type: coxnet
model_params:
  l1_ratio: 0.7990714759621917
  alpha_min_ratio: 0.09063735050355502
  n_alphas: 233
  max_iter: 13586
  tol: 8.041433014995638e-05
seed: 42
cv_n_splits: 5
cv_n_repeats: 10
preprocessing_config:
  eps: 1.0e-06
  min_speed: 0.01
  max_hours: 9999.0
