model_type: gbsa
model_params:
  loss: coxph
  n_estimators: 409
  learning_rate: 0.07104652414817123
  subsample: 0.6614278589904499
  max_depth: 6
  max_features: sqrt
  max_leaf_nodes: 8
  min_samples_split: 10
  min_samples_leaf: 6
  min_weight_fraction_leaf: 0.0
  min_impurity_decrease: 0.04611046327338222
  criterion: friedman_mse
  ccp_alpha: 0.00036034608478070735
  dropout_rate: 0.033328272602726854
  validation_fraction: 0.2741063420772753
  n_iter_no_change: null
  tol: 6.201657046806128e-05
  random_state: 777
  warm_start: false
  verbose: 0
seed: 777
cv_n_splits: 5
cv_n_repeats: 10
preprocessing_config:
  eps: 1.0e-06
  min_speed: 0.01
  max_hours: 9999.0
