model_type: coxnet
model_params:
  l1_ratio: 0.9910902968657683
  alpha_min_ratio: 0.05997465236300096
  n_alphas: 262
  max_iter: 17026
  tol: 1.6150303381860317e-06
seed: 42
cv_n_splits: 5
cv_n_repeats: 10
preprocessing_config:
  eps: 1.0e-06
  min_speed: 0.01
  max_hours: 9999.0
