model_type: coxnet
model_params:
  l1_ratio: 0.9882847135194546
  alpha_min_ratio: 0.026213775897969464
  n_alphas: 243
  max_iter: 16373
  tol: 3.5708160720029795e-06
seed: 777
cv_n_splits: 5
cv_n_repeats: 10
preprocessing_config:
  eps: 1.0e-06
  min_speed: 0.01
  max_hours: 9999.0
