model_type: coxnet
model_params:
  l1_ratio: 0.8991864862953242
  alpha_min_ratio: 0.05818449853520499
  n_alphas: 113
  max_iter: 13949
  tol: 9.954675300891417e-05
seed: 42
cv_n_splits: 5
cv_n_repeats: 10
preprocessing_config:
  eps: 1.0e-06
  min_speed: 0.01
  max_hours: 9999.0
