model_type: coxnet
model_params:
  l1_ratio: 0.9696121776508213
  alpha_min_ratio: 0.09284223137118801
  n_alphas: 253
  max_iter: 1594
  tol: 2.5091663961699226e-06
seed: 42
cv_n_splits: 5
cv_n_repeats: 10
preprocessing_config:
  eps: 1.0e-06
  min_speed: 0.01
  max_hours: 9999.0
