model_type: coxnet
model_params:
  l1_ratio: 0.027133194953832207
  alpha_min_ratio: 0.054843558473316685
  n_alphas: 217
  max_iter: 2124
  tol: 6.464904345262215e-05
seed: 1024
cv_n_splits: 5
cv_n_repeats: 10
preprocessing_config:
  eps: 1.0e-06
  min_speed: 0.01
  max_hours: 9999.0
