model_type: coxnet
model_params:
  l1_ratio: 0.9303200818518088
  alpha_min_ratio: 0.026237275180748355
  n_alphas: 295
  max_iter: 14469
  tol: 1.541171249779832e-06
seed: 42
cv_n_splits: 5
cv_n_repeats: 10
preprocessing_config:
  eps: 1.0e-06
  min_speed: 0.01
  max_hours: 9999.0
