model_type: gbsa
model_params:
  loss: coxph
  n_estimators: 99
  learning_rate: 0.035546095635660115
  subsample: 0.7692887516978063
  max_depth: 3
  max_features: 0.7
  max_leaf_nodes: 8
  min_samples_split: 6
  min_samples_leaf: 16
  min_weight_fraction_leaf: 0.0
  min_impurity_decrease: 0.02127843483345576
  criterion: friedman_mse
  ccp_alpha: 0.00038902842986741524
  dropout_rate: 0.16941736692576098
  validation_fraction: 0.2658332725122452
  n_iter_no_change: null
  tol: 0.006710378275414273
  random_state: 2023
  warm_start: false
  verbose: 0
seed: 2023
cv_n_splits: 5
cv_n_repeats: 10
preprocessing_config:
  eps: 1.0e-06
  min_speed: 0.01
  max_hours: 9999.0
