model_type: coxnet
model_params:
  l1_ratio: 0.6566995288884586
  alpha_min_ratio: 0.024088188993990598
  n_alphas: 95
  max_iter: 14074
  tol: 5.737511032167602e-08
seed: 2023
cv_n_splits: 5
cv_n_repeats: 10
preprocessing_config:
  eps: 1.0e-06
  min_speed: 0.01
  max_hours: 9999.0
