model_type: coxnet
model_params:
  l1_ratio: 0.9565045032185594
  alpha_min_ratio: 0.07794296346154887
  n_alphas: 200
  max_iter: 442
  tol: 9.848683471504184e-05
seed: 42
cv_n_splits: 5
cv_n_repeats: 10
preprocessing_config:
  eps: 1.0e-06
  min_speed: 0.01
  max_hours: 9999.0
