model_type: coxnet
model_params:
  l1_ratio: 0.3863306526504552
  alpha_min_ratio: 0.0008338956259479645
  n_alphas: 58
  max_iter: 18991
  tol: 1.427872434370983e-08
seed: 2023
cv_n_splits: 5
cv_n_repeats: 10
preprocessing_config:
  eps: 1.0e-06
  min_speed: 0.01
  max_hours: 9999.0
