model_type: coxnet
model_params:
  l1_ratio: 0.6259607520410989
  alpha_min_ratio: 0.05647489617764694
  n_alphas: 280
  max_iter: 4317
  tol: 6.032660135924614e-05
seed: 777
cv_n_splits: 5
cv_n_repeats: 10
preprocessing_config:
  eps: 1.0e-06
  min_speed: 0.01
  max_hours: 9999.0
