model_type: coxnet
model_params:
  l1_ratio: 0.9826595377681965
  alpha_min_ratio: 0.05201480919571035
  n_alphas: 174
  max_iter: 15858
  tol: 1.0601062690316187e-06
seed: 2023
cv_n_splits: 5
cv_n_repeats: 10
preprocessing_config:
  eps: 1.0e-06
  min_speed: 0.01
  max_hours: 9999.0
