model_type: coxnet
model_params:
  l1_ratio: 0.8225897260107963
  alpha_min_ratio: 0.09692718225368921
  n_alphas: 299
  max_iter: 17240
  tol: 9.287850066739312e-05
seed: 1024
cv_n_splits: 5
cv_n_repeats: 10
preprocessing_config:
  eps: 1.0e-06
  min_speed: 0.01
  max_hours: 9999.0
