model_type: coxnet
model_params:
  l1_ratio: 0.9507860590136712
  alpha_min_ratio: 0.033347039227651754
  n_alphas: 268
  max_iter: 19236
  tol: 2.0310487918025546e-05
seed: 42
cv_n_splits: 5
cv_n_repeats: 10
preprocessing_config:
  eps: 1.0e-06
  min_speed: 0.01
  max_hours: 9999.0
