model_type: gbsa
model_params:
  loss: coxph
  n_estimators: 78
  learning_rate: 0.037284582270721164
  subsample: 0.7757968085242246
  max_depth: 3
  max_features: sqrt
  max_leaf_nodes: 8
  min_samples_split: 4
  min_samples_leaf: 10
  min_weight_fraction_leaf: 0.0
  min_impurity_decrease: 0.036414460791067756
  criterion: friedman_mse
  ccp_alpha: 0.030008644253563133
  dropout_rate: 0.17851763387891034
  validation_fraction: 0.2273092303535974
  n_iter_no_change: null
  tol: 1.4320055539392918e-05
  random_state: 777
  warm_start: false
  verbose: 0
seed: 777
cv_n_splits: 5
cv_n_repeats: 10
preprocessing_config:
  eps: 1.0e-06
  min_speed: 0.01
  max_hours: 9999.0
