model_type: gbsa
model_params:
  loss: coxph
  n_estimators: 161
  learning_rate: 0.1079750491139005
  subsample: 0.5670358611332342
  max_depth: 4
  max_features: log2
  max_leaf_nodes: 31
  min_samples_split: 20
  min_samples_leaf: 16
  min_weight_fraction_leaf: 0.0
  min_impurity_decrease: 0.0039339040673201636
  criterion: friedman_mse
  ccp_alpha: 2.559413743924119e-05
  dropout_rate: 0.04687964549834332
  validation_fraction: 0.18762796407655688
  n_iter_no_change: null
  tol: 0.00010044643146587217
  random_state: 777
  warm_start: false
  verbose: 0
seed: 777
cv_n_splits: 5
cv_n_repeats: 10
preprocessing_config:
  eps: 1.0e-06
  min_speed: 0.01
  max_hours: 9999.0
