model_type: coxnet
model_params:
  l1_ratio: 0.830111376565456
  alpha_min_ratio: 0.043347690088273834
  n_alphas: 184
  max_iter: 18406
  tol: 3.1263291016272614e-06
seed: 2023
cv_n_splits: 5
cv_n_repeats: 10
preprocessing_config:
  eps: 1.0e-06
  min_speed: 0.01
  max_hours: 9999.0
