model_type: gbsa
model_params:
  loss: coxph
  n_estimators: 453
  learning_rate: 0.08767413168456915
  subsample: 0.5901855507725166
  max_depth: 2
  max_features: 1.0
  max_leaf_nodes: 16
  min_samples_split: 17
  min_samples_leaf: 12
  min_weight_fraction_leaf: 0.0
  min_impurity_decrease: 0.028662750333247115
  criterion: friedman_mse
  ccp_alpha: 0.000987738229085182
  dropout_rate: 0.16115827189310844
  validation_fraction: 0.26988769387113914
  n_iter_no_change: 5
  tol: 0.00045524849649114876
  random_state: 1024
  warm_start: false
  verbose: 0
seed: 1024
cv_n_splits: 5
cv_n_repeats: 10
preprocessing_config:
  eps: 1.0e-06
  min_speed: 0.01
  max_hours: 9999.0
