model_type: coxnet
model_params:
  l1_ratio: 0.18003879829791453
  alpha_min_ratio: 0.08684542625469038
  n_alphas: 272
  max_iter: 6740
  tol: 3.868628582627853e-05
seed: 777
cv_n_splits: 5
cv_n_repeats: 10
preprocessing_config:
  eps: 1.0e-06
  min_speed: 0.01
  max_hours: 9999.0
