model_type: coxnet
model_params:
  l1_ratio: 0.9203690892503001
  alpha_min_ratio: 0.041724800166771235
  n_alphas: 61
  max_iter: 16898
  tol: 9.655220090655683e-08
seed: 2023
cv_n_splits: 5
cv_n_repeats: 10
preprocessing_config:
  eps: 1.0e-06
  min_speed: 0.01
  max_hours: 9999.0
