model_type: gbsa
model_params:
  loss: coxph
  n_estimators: 320
  learning_rate: 0.19063467508031887
  subsample: 0.7703427078005252
  max_depth: 5
  max_features: 0.5
  max_leaf_nodes: 8
  min_samples_split: 16
  min_samples_leaf: 3
  min_weight_fraction_leaf: 0.0
  min_impurity_decrease: 0.034022480798253464
  criterion: friedman_mse
  ccp_alpha: 0.007608997584912896
  dropout_rate: 0.0808209250469887
  validation_fraction: 0.18819441830958297
  n_iter_no_change: 5
  tol: 1.972252260824321e-05
  random_state: 777
  warm_start: false
  verbose: 0
seed: 777
cv_n_splits: 5
cv_n_repeats: 10
preprocessing_config:
  eps: 1.0e-06
  min_speed: 0.01
  max_hours: 9999.0
