model_type: coxnet
model_params:
  l1_ratio: 0.8736639809262006
  alpha_min_ratio: 0.06639451170788388
  n_alphas: 53
  max_iter: 13631
  tol: 1.4153137725790538e-07
seed: 777
cv_n_splits: 5
cv_n_repeats: 10
preprocessing_config:
  eps: 1.0e-06
  min_speed: 0.01
  max_hours: 9999.0
