model_type: gbsa
model_params:
  loss: coxph
  n_estimators: 485
  learning_rate: 0.1002964547145765
  subsample: 0.717477490807686
  max_depth: 4
  max_features: sqrt
  max_leaf_nodes: 8
  min_samples_split: 10
  min_samples_leaf: 18
  min_weight_fraction_leaf: 0.0
  min_impurity_decrease: 0.04979694735875974
  criterion: friedman_mse
  ccp_alpha: 7.783206751322915e-05
  dropout_rate: 0.016785331570740997
  validation_fraction: 0.28109400637418175
  n_iter_no_change: 10
  tol: 2.565068014269413e-05
  random_state: 777
  warm_start: false
  verbose: 0
seed: 777
cv_n_splits: 5
cv_n_repeats: 10
preprocessing_config:
  eps: 1.0e-06
  min_speed: 0.01
  max_hours: 9999.0
