model_type: gbsa
model_params:
  loss: coxph
  n_estimators: 168
  learning_rate: 0.036035098303621546
  subsample: 0.5512106357262184
  max_depth: 5
  max_features: sqrt
  max_leaf_nodes: 8
  min_samples_split: 19
  min_samples_leaf: 8
  min_weight_fraction_leaf: 0.0
  min_impurity_decrease: 0.03447569691076399
  criterion: friedman_mse
  ccp_alpha: 0.0003871283153313112
  dropout_rate: 0.019797849849744316
  validation_fraction: 0.11870617473825185
  n_iter_no_change: null
  tol: 1.5103752882882517e-05
  random_state: 777
  warm_start: false
  verbose: 0
seed: 777
cv_n_splits: 5
cv_n_repeats: 10
preprocessing_config:
  eps: 1.0e-06
  min_speed: 0.01
  max_hours: 9999.0
