model_type: coxnet
model_params:
  l1_ratio: 0.48718317882998696
  alpha_min_ratio: 0.027579338150952086
  n_alphas: 179
  max_iter: 978
  tol: 1.3676557246714296e-06
seed: 42
cv_n_splits: 5
cv_n_repeats: 10
preprocessing_config:
  eps: 1.0e-06
  min_speed: 0.01
  max_hours: 9999.0
