model_type: coxnet
model_params:
  l1_ratio: 0.9722937341718934
  alpha_min_ratio: 0.09604236719762028
  n_alphas: 285
  max_iter: 16828
  tol: 4.537744599499843e-05
seed: 42
cv_n_splits: 5
cv_n_repeats: 10
preprocessing_config:
  eps: 1.0e-06
  min_speed: 0.01
  max_hours: 9999.0
