model_type: coxnet
model_params:
  l1_ratio: 0.9963180763857542
  alpha_min_ratio: 0.05293957227099666
  n_alphas: 229
  max_iter: 16388
  tol: 8.476008421716596e-07
seed: 2023
cv_n_splits: 5
cv_n_repeats: 10
preprocessing_config:
  eps: 1.0e-06
  min_speed: 0.01
  max_hours: 9999.0
