model_type: coxnet
model_params:
  l1_ratio: 0.9544745128183094
  alpha_min_ratio: 0.014112864524721755
  n_alphas: 283
  max_iter: 19205
  tol: 2.726377648226184e-06
seed: 42
cv_n_splits: 5
cv_n_repeats: 10
preprocessing_config:
  eps: 1.0e-06
  min_speed: 0.01
  max_hours: 9999.0
