model_type: coxnet
model_params:
  l1_ratio: 0.976722337092231
  alpha_min_ratio: 0.08219291740474573
  n_alphas: 211
  max_iter: 19983
  tol: 6.668524750975738e-06
seed: 777
cv_n_splits: 5
cv_n_repeats: 10
preprocessing_config:
  eps: 1.0e-06
  min_speed: 0.01
  max_hours: 9999.0
