model_type: coxnet
model_params:
  l1_ratio: 0.9738079917936842
  alpha_min_ratio: 0.07430351950830295
  n_alphas: 299
  max_iter: 17120
  tol: 2.6172856760325943e-06
seed: 42
cv_n_splits: 5
cv_n_repeats: 10
preprocessing_config:
  eps: 1.0e-06
  min_speed: 0.01
  max_hours: 9999.0
