model_type: gbsa
model_params:
  loss: coxph
  n_estimators: 300
  learning_rate: 0.0436776806935255
  subsample: 0.6120038117599031
  max_depth: 6
  max_features: 0.5
  max_leaf_nodes: 16
  min_samples_split: 4
  min_samples_leaf: 8
  min_weight_fraction_leaf: 0.0
  min_impurity_decrease: 0.03286815258408081
  criterion: friedman_mse
  ccp_alpha: 0.028325685682647053
  dropout_rate: 0.10203580199445723
  validation_fraction: 0.2754106484207758
  n_iter_no_change: 20
  tol: 2.2214809682643738e-05
  random_state: 42
  warm_start: false
  verbose: 0
seed: 42
cv_n_splits: 5
cv_n_repeats: 10
preprocessing_config:
  eps: 1.0e-06
  min_speed: 0.01
  max_hours: 9999.0
