model_type: coxnet
model_params:
  l1_ratio: 0.9152729432892482
  alpha_min_ratio: 0.05388460479766109
  n_alphas: 62
  max_iter: 1926
  tol: 4.6485680008331054e-07
seed: 42
cv_n_splits: 5
cv_n_repeats: 10
preprocessing_config:
  eps: 1.0e-06
  min_speed: 0.01
  max_hours: 9999.0
