model_type: coxnet
model_params:
  l1_ratio: 0.870280092299712
  alpha_min_ratio: 0.09076385408047144
  n_alphas: 141
  max_iter: 18072
  tol: 9.206527883577314e-08
seed: 2023
cv_n_splits: 5
cv_n_repeats: 10
preprocessing_config:
  eps: 1.0e-06
  min_speed: 0.01
  max_hours: 9999.0
