model_type: coxnet
model_params:
  l1_ratio: 0.9081183653793609
  alpha_min_ratio: 0.08512422559576785
  n_alphas: 231
  max_iter: 16874
  tol: 1.3991351868777422e-06
seed: 2023
cv_n_splits: 5
cv_n_repeats: 10
preprocessing_config:
  eps: 1.0e-06
  min_speed: 0.01
  max_hours: 9999.0
