model_type: coxnet
model_params:
  l1_ratio: 0.823004950456215
  alpha_min_ratio: 0.04937561993699586
  n_alphas: 132
  max_iter: 12070
  tol: 2.40533838424151e-07
seed: 1024
cv_n_splits: 5
cv_n_repeats: 10
preprocessing_config:
  eps: 1.0e-06
  min_speed: 0.01
  max_hours: 9999.0
