model_type: coxnet
model_params:
  l1_ratio: 0.897708522947944
  alpha_min_ratio: 0.09656242516254193
  n_alphas: 128
  max_iter: 8539
  tol: 7.058474053668449e-07
seed: 1024
cv_n_splits: 5
cv_n_repeats: 10
preprocessing_config:
  eps: 1.0e-06
  min_speed: 0.01
  max_hours: 9999.0
