model_type: coxnet
model_params:
  l1_ratio: 0.9724414628474147
  alpha_min_ratio: 0.015253943850907208
  n_alphas: 287
  max_iter: 15797
  tol: 6.9888429485714205e-06
seed: 42
cv_n_splits: 5
cv_n_repeats: 10
preprocessing_config:
  eps: 1.0e-06
  min_speed: 0.01
  max_hours: 9999.0
