model_type: coxnet
model_params:
  l1_ratio: 0.8316031695226149
  alpha_min_ratio: 0.0526690500756418
  n_alphas: 72
  max_iter: 11488
  tol: 1.0411545069843124e-06
seed: 2023
cv_n_splits: 5
cv_n_repeats: 10
preprocessing_config:
  eps: 1.0e-06
  min_speed: 0.01
  max_hours: 9999.0
