model_type: gbsa
model_params:
  loss: coxph
  n_estimators: 423
  learning_rate: 0.0785536247964583
  subsample: 0.7636404824879784
  max_depth: 4
  max_features: sqrt
  max_leaf_nodes: null
  min_samples_split: 5
  min_samples_leaf: 17
  min_weight_fraction_leaf: 0.0
  min_impurity_decrease: 0.0496070289327042
  criterion: friedman_mse
  ccp_alpha: 0.030338949185948892
  dropout_rate: 0.06436117384614623
  validation_fraction: 0.2982421925382281
  n_iter_no_change: null
  tol: 6.448222334720379e-05
  random_state: 777
  warm_start: false
  verbose: 0
seed: 777
cv_n_splits: 5
cv_n_repeats: 10
preprocessing_config:
  eps: 1.0e-06
  min_speed: 0.01
  max_hours: 9999.0
