model_type: coxnet
model_params:
  l1_ratio: 0.456373260425773
  alpha_min_ratio: 0.0031926167952869245
  n_alphas: 149
  max_iter: 3872
  tol: 2.7765193758697487e-07
seed: 2023
cv_n_splits: 5
cv_n_repeats: 10
preprocessing_config:
  eps: 1.0e-06
  min_speed: 0.01
  max_hours: 9999.0
