model_type: coxnet
model_params:
  l1_ratio: 0.8360615728598942
  alpha_min_ratio: 0.02634027540632139
  n_alphas: 227
  max_iter: 19969
  tol: 8.549490747572778e-06
seed: 42
cv_n_splits: 5
cv_n_repeats: 10
preprocessing_config:
  eps: 1.0e-06
  min_speed: 0.01
  max_hours: 9999.0
