model_type: coxnet
model_params:
  l1_ratio: 0.7122950737030855
  alpha_min_ratio: 0.01840642287403332
  n_alphas: 215
  max_iter: 591
  tol: 1.6027312416037046e-06
seed: 42
cv_n_splits: 5
cv_n_repeats: 10
preprocessing_config:
  eps: 1.0e-06
  min_speed: 0.01
  max_hours: 9999.0
