model_type: coxnet
model_params:
  l1_ratio: 0.8230442927208153
  alpha_min_ratio: 0.019490892510607975
  n_alphas: 93
  max_iter: 9330
  tol: 9.9924554796008e-08
seed: 777
cv_n_splits: 5
cv_n_repeats: 10
preprocessing_config:
  eps: 1.0e-06
  min_speed: 0.01
  max_hours: 9999.0
