model_type: gbsa
model_params:
  loss: coxph
  n_estimators: 215
  learning_rate: 0.04593512754246547
  subsample: 0.578835029028427
  max_depth: 5
  max_features: sqrt
  max_leaf_nodes: 8
  min_samples_split: 13
  min_samples_leaf: 4
  min_weight_fraction_leaf: 0.0
  min_impurity_decrease: 0.04637438640005037
  criterion: friedman_mse
  ccp_alpha: 7.540190680277098e-08
  dropout_rate: 0.045944352798265455
  validation_fraction: 0.16484337544742317
  n_iter_no_change: null
  tol: 1.9459327543075654e-05
  random_state: 42
  warm_start: false
  verbose: 0
seed: 42
cv_n_splits: 5
cv_n_repeats: 10
preprocessing_config:
  eps: 1.0e-06
  min_speed: 0.01
  max_hours: 9999.0
