model_type: coxnet
model_params:
  l1_ratio: 0.888657387802954
  alpha_min_ratio: 0.020931673241711024
  n_alphas: 272
  max_iter: 1929
  tol: 1.267501689995692e-06
seed: 42
cv_n_splits: 5
cv_n_repeats: 10
preprocessing_config:
  eps: 1.0e-06
  min_speed: 0.01
  max_hours: 9999.0
