model_type: coxnet
model_params:
  l1_ratio: 0.626473206229759
  alpha_min_ratio: 0.011100379822914855
  n_alphas: 188
  max_iter: 6108
  tol: 3.1119853637013986e-07
seed: 777
cv_n_splits: 5
cv_n_repeats: 10
preprocessing_config:
  eps: 1.0e-06
  min_speed: 0.01
  max_hours: 9999.0
