model_type: gbsa
model_params:
  loss: coxph
  n_estimators: 161
  learning_rate: 0.07541073701928235
  subsample: 0.7465508786831194
  max_depth: 1
  max_features: null
  max_leaf_nodes: null
  min_samples_split: 12
  min_samples_leaf: 13
  min_weight_fraction_leaf: 0.0
  min_impurity_decrease: 0.047019415751704166
  criterion: friedman_mse
  ccp_alpha: 0.00017878823832755917
  dropout_rate: 0.04804674524017931
  validation_fraction: 0.24937428771359166
  n_iter_no_change: 20
  tol: 0.0011821849445534242
  random_state: 1024
  warm_start: false
  verbose: 0
seed: 1024
cv_n_splits: 5
cv_n_repeats: 10
preprocessing_config:
  eps: 1.0e-06
  min_speed: 0.01
  max_hours: 9999.0
