model_type: coxnet
model_params:
  l1_ratio: 0.9958118482703598
  alpha_min_ratio: 0.06721479244997731
  n_alphas: 251
  max_iter: 19730
  tol: 2.0914048579626172e-05
seed: 42
cv_n_splits: 5
cv_n_repeats: 10
preprocessing_config:
  eps: 1.0e-06
  min_speed: 0.01
  max_hours: 9999.0
