model_type: coxnet
model_params:
  l1_ratio: 0.8600624066781876
  alpha_min_ratio: 0.07079491196141034
  n_alphas: 211
  max_iter: 14985
  tol: 3.0856144350744378e-06
seed: 42
cv_n_splits: 5
cv_n_repeats: 10
preprocessing_config:
  eps: 1.0e-06
  min_speed: 0.01
  max_hours: 9999.0
