model_type: coxnet
model_params:
  l1_ratio: 0.9941647605887645
  alpha_min_ratio: 0.05409910954571709
  n_alphas: 160
  max_iter: 14137
  tol: 2.5108112962885753e-06
seed: 777
cv_n_splits: 5
cv_n_repeats: 10
preprocessing_config:
  eps: 1.0e-06
  min_speed: 0.01
  max_hours: 9999.0
