model_type: coxnet
model_params:
  l1_ratio: 0.7735860722172623
  alpha_min_ratio: 0.06723965118149192
  n_alphas: 223
  max_iter: 11688
  tol: 1.2844369829542393e-08
seed: 2023
cv_n_splits: 5
cv_n_repeats: 10
preprocessing_config:
  eps: 1.0e-06
  min_speed: 0.01
  max_hours: 9999.0
