model_type: gbsa
model_params:
  loss: coxph
  n_estimators: 490
  learning_rate: 0.0965831652573148
  subsample: 0.698019059552271
  max_depth: 6
  max_features: log2
  max_leaf_nodes: 8
  min_samples_split: 8
  min_samples_leaf: 19
  min_weight_fraction_leaf: 0.0
  min_impurity_decrease: 0.04591836334356684
  criterion: friedman_mse
  ccp_alpha: 0.0011651990015980175
  dropout_rate: 0.02501461467338839
  validation_fraction: 0.26460127762983665
  n_iter_no_change: null
  tol: 4.488890517375771e-05
  random_state: 777
  warm_start: false
  verbose: 0
seed: 777
cv_n_splits: 5
cv_n_repeats: 10
preprocessing_config:
  eps: 1.0e-06
  min_speed: 0.01
  max_hours: 9999.0
