model_type: coxnet
model_params:
  l1_ratio: 0.9315264666361475
  alpha_min_ratio: 0.01908884936153319
  n_alphas: 165
  max_iter: 18836
  tol: 5.347469404582207e-07
seed: 2023
cv_n_splits: 5
cv_n_repeats: 10
preprocessing_config:
  eps: 1.0e-06
  min_speed: 0.01
  max_hours: 9999.0
