model_type: gbsa
model_params:
  loss: coxph
  n_estimators: 390
  learning_rate: 0.12621134648078292
  subsample: 0.6607199922471195
  max_depth: 6
  max_features: sqrt
  max_leaf_nodes: 31
  min_samples_split: 2
  min_samples_leaf: 10
  min_weight_fraction_leaf: 0.0
  min_impurity_decrease: 0.02959121737957602
  criterion: friedman_mse
  ccp_alpha: 0.09581278402101978
  dropout_rate: 0.022562988339855622
  validation_fraction: 0.20889871564050652
  n_iter_no_change: null
  tol: 7.669621926406533e-05
  random_state: 42
  warm_start: false
  verbose: 0
seed: 42
cv_n_splits: 5
cv_n_repeats: 10
preprocessing_config:
  eps: 1.0e-06
  min_speed: 0.01
  max_hours: 9999.0
