model_type: coxnet
model_params:
  l1_ratio: 0.8655247163523138
  alpha_min_ratio: 0.0762896976715095
  n_alphas: 119
  max_iter: 15503
  tol: 3.174005451650894e-08
seed: 1024
cv_n_splits: 5
cv_n_repeats: 10
preprocessing_config:
  eps: 1.0e-06
  min_speed: 0.01
  max_hours: 9999.0
