model_type: coxnet
model_params:
  l1_ratio: 0.10386958370988758
  alpha_min_ratio: 0.003618299040514033
  n_alphas: 205
  max_iter: 2363
  tol: 8.33866064016773e-06
seed: 777
cv_n_splits: 5
cv_n_repeats: 10
preprocessing_config:
  eps: 1.0e-06
  min_speed: 0.01
  max_hours: 9999.0
