model_type: coxnet
model_params:
  l1_ratio: 0.9669880864766834
  alpha_min_ratio: 0.050938523498033475
  n_alphas: 92
  max_iter: 11807
  tol: 3.8294981038105774e-06
seed: 777
cv_n_splits: 5
cv_n_repeats: 10
preprocessing_config:
  eps: 1.0e-06
  min_speed: 0.01
  max_hours: 9999.0
