model_type: gbsa
model_params:
  loss: coxph
  n_estimators: 469
  learning_rate: 0.15673554543502083
  subsample: 0.682210370613182
  max_depth: 5
  max_features: 0.5
  max_leaf_nodes: 63
  min_samples_split: 2
  min_samples_leaf: 20
  min_weight_fraction_leaf: 0.0
  min_impurity_decrease: 0.0424738361785066
  criterion: friedman_mse
  ccp_alpha: 0.013299463949061101
  dropout_rate: 0.060933041503907256
  validation_fraction: 0.24970142256967584
  n_iter_no_change: null
  tol: 0.0002031788235159798
  random_state: 777
  warm_start: false
  verbose: 0
seed: 777
cv_n_splits: 5
cv_n_repeats: 10
preprocessing_config:
  eps: 1.0e-06
  min_speed: 0.01
  max_hours: 9999.0
