model_type: coxnet
model_params:
  l1_ratio: 0.9941061913284184
  alpha_min_ratio: 0.09053847108724972
  n_alphas: 251
  max_iter: 16230
  tol: 2.42534674500787e-05
seed: 777
cv_n_splits: 5
cv_n_repeats: 10
preprocessing_config:
  eps: 1.0e-06
  min_speed: 0.01
  max_hours: 9999.0
