model_type: coxnet
model_params:
  l1_ratio: 0.725942562910954
  alpha_min_ratio: 0.011723489160944605
  n_alphas: 55
  max_iter: 13740
  tol: 1.0609715922495586e-08
seed: 42
cv_n_splits: 5
cv_n_repeats: 10
preprocessing_config:
  eps: 1.0e-06
  min_speed: 0.01
  max_hours: 9999.0
