model_type: coxnet
model_params:
  l1_ratio: 0.9224390541706877
  alpha_min_ratio: 0.02436129397416128
  n_alphas: 59
  max_iter: 10835
  tol: 2.7567397380675785e-05
seed: 777
cv_n_splits: 5
cv_n_repeats: 10
preprocessing_config:
  eps: 1.0e-06
  min_speed: 0.01
  max_hours: 9999.0
