model_type: coxnet
model_params:
  l1_ratio: 0.9575754155874124
  alpha_min_ratio: 0.08567843621485946
  n_alphas: 182
  max_iter: 14396
  tol: 1.94871246777237e-08
seed: 2023
cv_n_splits: 5
cv_n_repeats: 10
preprocessing_config:
  eps: 1.0e-06
  min_speed: 0.01
  max_hours: 9999.0
