seed: 42
cv_n_splits: 5
cv_n_repeats: 10
gbsa_config:
  loss: coxph
  n_estimators: 377
  learning_rate: 0.1869957490100928
  subsample: 0.5836063793302982
  max_depth: 6
  max_features: sqrt
  max_leaf_nodes: null
  min_samples_split: 10
  min_samples_leaf: 18
  min_weight_fraction_leaf: 0.0
  min_impurity_decrease: 0.030677568568183385
  criterion: friedman_mse
  ccp_alpha: 0.0318769588328119
  dropout_rate: 0.09732150756292425
  validation_fraction: 0.10473194606177585
  n_iter_no_change: null
  tol: 0.0002818423073583066
  random_state: 42
  warm_start: false
  verbose: 0
preprocessing_config:
  eps: 1.0e-06
  min_speed: 0.01
  max_hours: 9999.0
