model_type: gbsa
model_params:
  loss: coxph
  n_estimators: 180
  learning_rate: 0.1322551479286914
  subsample: 0.6551720725806086
  max_depth: 1
  max_features: log2
  max_leaf_nodes: 16
  min_samples_split: 12
  min_samples_leaf: 7
  min_weight_fraction_leaf: 0.0
  min_impurity_decrease: 0.049779365591917646
  criterion: friedman_mse
  ccp_alpha: 0.001460155620740871
  dropout_rate: 0.10687114816548603
  validation_fraction: 0.2783971353826235
  n_iter_no_change: null
  tol: 0.0006079451511583055
  random_state: 777
  warm_start: false
  verbose: 0
seed: 777
cv_n_splits: 5
cv_n_repeats: 10
preprocessing_config:
  eps: 1.0e-06
  min_speed: 0.01
  max_hours: 9999.0
