model_type: coxnet
model_params:
  l1_ratio: 0.5686026567323782
  alpha_min_ratio: 0.06208692098811528
  n_alphas: 169
  max_iter: 17024
  tol: 8.608385182020412e-06
seed: 42
cv_n_splits: 5
cv_n_repeats: 10
preprocessing_config:
  eps: 1.0e-06
  min_speed: 0.01
  max_hours: 9999.0
