model_type: gbsa
model_params:
  loss: coxph
  n_estimators: 331
  learning_rate: 0.09758560167943568
  subsample: 0.5134122309138833
  max_depth: 5
  max_features: log2
  max_leaf_nodes: null
  min_samples_split: 15
  min_samples_leaf: 5
  min_weight_fraction_leaf: 0.0
  min_impurity_decrease: 0.03203778510464916
  criterion: friedman_mse
  ccp_alpha: 0.0034637591717039794
  dropout_rate: 0.0232241670113269
  validation_fraction: 0.2563018805886435
  n_iter_no_change: null
  tol: 0.0004230243938797619
  random_state: 777
  warm_start: false
  verbose: 0
seed: 777
cv_n_splits: 5
cv_n_repeats: 10
preprocessing_config:
  eps: 1.0e-06
  min_speed: 0.01
  max_hours: 9999.0
