model_type: coxnet
model_params:
  l1_ratio: 0.9043284017155968
  alpha_min_ratio: 0.06730558271722606
  n_alphas: 299
  max_iter: 16942
  tol: 6.432424583248503e-05
seed: 1024
cv_n_splits: 5
cv_n_repeats: 10
preprocessing_config:
  eps: 1.0e-06
  min_speed: 0.01
  max_hours: 9999.0
