model_type: gbsa
model_params:
  loss: coxph
  n_estimators: 329
  learning_rate: 0.12974065931377202
  subsample: 0.8583524341311612
  max_depth: 6
  max_features: sqrt
  max_leaf_nodes: 8
  min_samples_split: 3
  min_samples_leaf: 10
  min_weight_fraction_leaf: 0.0
  min_impurity_decrease: 0.02609213868336776
  criterion: friedman_mse
  ccp_alpha: 0.0072234263836385825
  dropout_rate: 0.048558299835702604
  validation_fraction: 0.2707480169530535
  n_iter_no_change: null
  tol: 1.0142299704180443e-05
  random_state: 777
  warm_start: false
  verbose: 0
seed: 777
cv_n_splits: 5
cv_n_repeats: 10
preprocessing_config:
  eps: 1.0e-06
  min_speed: 0.01
  max_hours: 9999.0
