model_type: coxnet
model_params:
  l1_ratio: 0.25971953370482814
  alpha_min_ratio: 0.000477925948334394
  n_alphas: 122
  max_iter: 143
  tol: 7.99911102410464e-07
seed: 42
cv_n_splits: 5
cv_n_repeats: 10
preprocessing_config:
  eps: 1.0e-06
  min_speed: 0.01
  max_hours: 9999.0
