model_type: coxnet
model_params:
  l1_ratio: 0.9042662008751673
  alpha_min_ratio: 0.09090061540645716
  n_alphas: 247
  max_iter: 17551
  tol: 1.6090126216388168e-05
seed: 42
cv_n_splits: 5
cv_n_repeats: 10
preprocessing_config:
  eps: 1.0e-06
  min_speed: 0.01
  max_hours: 9999.0
