model_type: coxnet
model_params:
  l1_ratio: 0.7812075373354894
  alpha_min_ratio: 0.025083349606552074
  n_alphas: 159
  max_iter: 17406
  tol: 8.975024999000603e-08
seed: 777
cv_n_splits: 5
cv_n_repeats: 10
preprocessing_config:
  eps: 1.0e-06
  min_speed: 0.01
  max_hours: 9999.0
