model_type: coxnet
model_params:
  l1_ratio: 0.815998683064587
  alpha_min_ratio: 0.050921647427752875
  n_alphas: 91
  max_iter: 13071
  tol: 1.6748345569257007e-05
seed: 777
cv_n_splits: 5
cv_n_repeats: 10
preprocessing_config:
  eps: 1.0e-06
  min_speed: 0.01
  max_hours: 9999.0
