model_type: coxnet
model_params:
  l1_ratio: 0.9989952035554107
  alpha_min_ratio: 0.033536343478558946
  n_alphas: 224
  max_iter: 18950
  tol: 6.055169615137559e-06
seed: 2023
cv_n_splits: 5
cv_n_repeats: 10
preprocessing_config:
  eps: 1.0e-06
  min_speed: 0.01
  max_hours: 9999.0
