model_type: coxnet
model_params:
  l1_ratio: 0.92134330417131
  alpha_min_ratio: 0.029850363227569655
  n_alphas: 108
  max_iter: 10075
  tol: 6.528474087312668e-06
seed: 777
cv_n_splits: 5
cv_n_repeats: 10
preprocessing_config:
  eps: 1.0e-06
  min_speed: 0.01
  max_hours: 9999.0
