model_type: gbsa
model_params:
  loss: coxph
  n_estimators: 320
  learning_rate: 0.12634349767364336
  subsample: 0.6598785276158052
  max_depth: 1
  max_features: 0.7
  max_leaf_nodes: 31
  min_samples_split: 17
  min_samples_leaf: 8
  min_weight_fraction_leaf: 0.0
  min_impurity_decrease: 0.03852007461171357
  criterion: friedman_mse
  ccp_alpha: 3.871253916392742e-07
  dropout_rate: 0.06623268504816017
  validation_fraction: 0.27406016138395944
  n_iter_no_change: null
  tol: 3.970343159542183e-05
  random_state: 2023
  warm_start: false
  verbose: 0
seed: 2023
cv_n_splits: 5
cv_n_repeats: 10
preprocessing_config:
  eps: 1.0e-06
  min_speed: 0.01
  max_hours: 9999.0
