model_type: coxnet
model_params:
  l1_ratio: 0.6970719293565135
  alpha_min_ratio: 0.09626558533733968
  n_alphas: 210
  max_iter: 14384
  tol: 5.1737465287318553e-08
seed: 2023
cv_n_splits: 5
cv_n_repeats: 10
preprocessing_config:
  eps: 1.0e-06
  min_speed: 0.01
  max_hours: 9999.0
