model_type: coxnet
model_params:
  l1_ratio: 0.5589114552550652
  alpha_min_ratio: 0.00015692481603483805
  n_alphas: 281
  max_iter: 3518
  tol: 1.3638122477346017e-08
seed: 2023
cv_n_splits: 5
cv_n_repeats: 10
preprocessing_config:
  eps: 1.0e-06
  min_speed: 0.01
  max_hours: 9999.0
