model_type: coxnet
model_params:
  l1_ratio: 0.6075448519014384
  alpha_min_ratio: 0.00032476735706274504
  n_alphas: 66
  max_iter: 19029
  tol: 7.286653737491043e-05
seed: 42
cv_n_splits: 5
cv_n_repeats: 10
preprocessing_config:
  eps: 1.0e-06
  min_speed: 0.01
  max_hours: 9999.0
