model_type: coxnet
model_params:
  l1_ratio: 0.9689217676805446
  alpha_min_ratio: 0.09895877007232362
  n_alphas: 196
  max_iter: 16721
  tol: 5.3384753362857194e-05
seed: 42
cv_n_splits: 5
cv_n_repeats: 10
preprocessing_config:
  eps: 1.0e-06
  min_speed: 0.01
  max_hours: 9999.0
