model_type: coxnet
model_params:
  l1_ratio: 0.9799147396452025
  alpha_min_ratio: 0.08658293039922096
  n_alphas: 58
  max_iter: 5526
  tol: 2.2729239802680705e-05
seed: 777
cv_n_splits: 5
cv_n_repeats: 10
preprocessing_config:
  eps: 1.0e-06
  min_speed: 0.01
  max_hours: 9999.0
