model_type: coxnet
model_params:
  l1_ratio: 0.7944100396440439
  alpha_min_ratio: 0.029334135827967647
  n_alphas: 252
  max_iter: 672
  tol: 7.95449508039294e-06
seed: 42
cv_n_splits: 5
cv_n_repeats: 10
preprocessing_config:
  eps: 1.0e-06
  min_speed: 0.01
  max_hours: 9999.0
