model_type: coxnet
model_params:
  l1_ratio: 0.9340140250665461
  alpha_min_ratio: 0.08731595598756232
  n_alphas: 260
  max_iter: 19133
  tol: 1.4950899946054081e-06
seed: 42
cv_n_splits: 5
cv_n_repeats: 10
preprocessing_config:
  eps: 1.0e-06
  min_speed: 0.01
  max_hours: 9999.0
