model_type: coxnet
model_params:
  l1_ratio: 0.6085010998515382
  alpha_min_ratio: 0.07585381896575671
  n_alphas: 54
  max_iter: 19387
  tol: 8.476358122583137e-06
seed: 42
cv_n_splits: 5
cv_n_repeats: 10
preprocessing_config:
  eps: 1.0e-06
  min_speed: 0.01
  max_hours: 9999.0
