model_type: coxnet
model_params:
  l1_ratio: 0.9328899170320945
  alpha_min_ratio: 0.029756794816485858
  n_alphas: 204
  max_iter: 10369
  tol: 6.803988003029105e-05
seed: 777
cv_n_splits: 5
cv_n_repeats: 10
preprocessing_config:
  eps: 1.0e-06
  min_speed: 0.01
  max_hours: 9999.0
