model_type: gbsa
model_params:
  loss: coxph
  n_estimators: 413
  learning_rate: 0.046039918071740286
  subsample: 0.5453762343241357
  max_depth: 4
  max_features: 0.3
  max_leaf_nodes: 8
  min_samples_split: 7
  min_samples_leaf: 16
  min_weight_fraction_leaf: 0.0
  min_impurity_decrease: 0.03688135068697575
  criterion: friedman_mse
  ccp_alpha: 0.002931508245843773
  dropout_rate: 0.01208661998504483
  validation_fraction: 0.2247349644111277
  n_iter_no_change: null
  tol: 0.0006566157708883991
  random_state: 2023
  warm_start: false
  verbose: 0
seed: 2023
cv_n_splits: 5
cv_n_repeats: 10
preprocessing_config:
  eps: 1.0e-06
  min_speed: 0.01
  max_hours: 9999.0
