model_type: coxnet
model_params:
  l1_ratio: 0.9846388398857533
  alpha_min_ratio: 0.05637080919165129
  n_alphas: 253
  max_iter: 17066
  tol: 6.439051934390435e-05
seed: 1024
cv_n_splits: 5
cv_n_repeats: 10
preprocessing_config:
  eps: 1.0e-06
  min_speed: 0.01
  max_hours: 9999.0
