model_type: coxnet
model_params:
  l1_ratio: 0.8776727821495762
  alpha_min_ratio: 0.09077314029546865
  n_alphas: 249
  max_iter: 14137
  tol: 1.7289587879068606e-05
seed: 777
cv_n_splits: 5
cv_n_repeats: 10
preprocessing_config:
  eps: 1.0e-06
  min_speed: 0.01
  max_hours: 9999.0
