model_type: gbsa
model_params:
  loss: coxph
  n_estimators: 443
  learning_rate: 0.15654268480082367
  subsample: 0.7293718949369309
  max_depth: 1
  max_features: 0.7
  max_leaf_nodes: 8
  min_samples_split: 7
  min_samples_leaf: 9
  min_weight_fraction_leaf: 0.0
  min_impurity_decrease: 0.04456535563793354
  criterion: friedman_mse
  ccp_alpha: 3.077695358062053e-07
  dropout_rate: 0.03590028495624073
  validation_fraction: 0.2435063657741041
  n_iter_no_change: 10
  tol: 0.00013066255508964239
  random_state: 777
  warm_start: false
  verbose: 0
seed: 777
cv_n_splits: 5
cv_n_repeats: 10
preprocessing_config:
  eps: 1.0e-06
  min_speed: 0.01
  max_hours: 9999.0
