model_type: coxnet
model_params:
  l1_ratio: 0.9931762867885414
  alpha_min_ratio: 0.01750075869558675
  n_alphas: 71
  max_iter: 10441
  tol: 3.510611354426867e-08
seed: 777
cv_n_splits: 5
cv_n_repeats: 10
preprocessing_config:
  eps: 1.0e-06
  min_speed: 0.01
  max_hours: 9999.0
