model_type: gbsa
model_params:
  loss: coxph
  n_estimators: 460
  learning_rate: 0.07060459741731817
  subsample: 0.7688514863468127
  max_depth: 4
  max_features: 0.3
  max_leaf_nodes: null
  min_samples_split: 4
  min_samples_leaf: 12
  min_weight_fraction_leaf: 0.0
  min_impurity_decrease: 0.018970983799609112
  criterion: friedman_mse
  ccp_alpha: 6.40542890427509e-05
  dropout_rate: 0.07072304755628084
  validation_fraction: 0.1620532642973051
  n_iter_no_change: null
  tol: 0.0003776767672699505
  random_state: 42
  warm_start: false
  verbose: 0
seed: 42
cv_n_splits: 5
cv_n_repeats: 10
preprocessing_config:
  eps: 1.0e-06
  min_speed: 0.01
  max_hours: 9999.0
