model_type: gbsa
model_params:
  loss: coxph
  n_estimators: 350
  learning_rate: 0.12230588672466071
  subsample: 0.6563791370125371
  max_depth: 6
  max_features: 0.7
  max_leaf_nodes: null
  min_samples_split: 5
  min_samples_leaf: 16
  min_weight_fraction_leaf: 0.0
  min_impurity_decrease: 0.01424929174149232
  criterion: friedman_mse
  ccp_alpha: 0.005688423083566206
  dropout_rate: 0.02884430085666469
  validation_fraction: 0.24073078081794894
  n_iter_no_change: null
  tol: 2.6566843213490828e-05
  random_state: 42
  warm_start: false
  verbose: 0
seed: 42
cv_n_splits: 5
cv_n_repeats: 10
preprocessing_config:
  eps: 1.0e-06
  min_speed: 0.01
  max_hours: 9999.0
