seed: 42
cv_n_splits: 5
cv_n_repeats: 10
gbsa_config:
  loss: coxph
  n_estimators: 385
  learning_rate: 0.11639047589245996
  subsample: 0.8448165209775944
  max_depth: 5
  max_features: 0.7
  max_leaf_nodes: 8
  min_samples_split: 7
  min_samples_leaf: 13
  min_weight_fraction_leaf: 0.0
  min_impurity_decrease: 0.001001668566435998
  criterion: friedman_mse
  ccp_alpha: 0.053976506248009336
  dropout_rate: 0.05041592522413878
  validation_fraction: 0.2260224918286774
  n_iter_no_change: null
  tol: 6.271999524865085e-05
  random_state: 42
  warm_start: false
  verbose: 0
preprocessing_config:
  eps: 1.0e-06
  min_speed: 0.01
  max_hours: 9999.0
