model_type: coxnet
model_params:
  l1_ratio: 0.15117121745662468
  alpha_min_ratio: 0.027159269233932786
  n_alphas: 256
  max_iter: 6890
  tol: 8.533079588130411e-08
seed: 777
cv_n_splits: 5
cv_n_repeats: 10
preprocessing_config:
  eps: 1.0e-06
  min_speed: 0.01
  max_hours: 9999.0
