model_type: coxnet
model_params:
  l1_ratio: 0.9769676963387486
  alpha_min_ratio: 0.015320351913969174
  n_alphas: 203
  max_iter: 527
  tol: 4.537330111993693e-05
seed: 42
cv_n_splits: 5
cv_n_repeats: 10
preprocessing_config:
  eps: 1.0e-06
  min_speed: 0.01
  max_hours: 9999.0
