model_type: gbsa
model_params:
  loss: coxph
  n_estimators: 456
  learning_rate: 0.10478354331201985
  subsample: 0.5267941951751017
  max_depth: 4
  max_features: 0.7
  max_leaf_nodes: 16
  min_samples_split: 5
  min_samples_leaf: 1
  min_weight_fraction_leaf: 0.0
  min_impurity_decrease: 0.04871180521968409
  criterion: friedman_mse
  ccp_alpha: 1.3994520743898328e-05
  dropout_rate: 0.051310279573704716
  validation_fraction: 0.2536285366088726
  n_iter_no_change: 5
  tol: 0.00028061644965299195
  random_state: 777
  warm_start: false
  verbose: 0
seed: 777
cv_n_splits: 5
cv_n_repeats: 10
preprocessing_config:
  eps: 1.0e-06
  min_speed: 0.01
  max_hours: 9999.0
