model_type: coxnet
model_params:
  l1_ratio: 0.9804395612072163
  alpha_min_ratio: 0.016653908343674174
  n_alphas: 138
  max_iter: 1955
  tol: 6.701662430964461e-05
seed: 42
cv_n_splits: 5
cv_n_repeats: 10
preprocessing_config:
  eps: 1.0e-06
  min_speed: 0.01
  max_hours: 9999.0
