model_type: gbsa
model_params:
  loss: coxph
  n_estimators: 233
  learning_rate: 0.19005434907915977
  subsample: 0.7524746253669939
  max_depth: 2
  max_features: 0.3
  max_leaf_nodes: 63
  min_samples_split: 17
  min_samples_leaf: 5
  min_weight_fraction_leaf: 0.0
  min_impurity_decrease: 0.007011513812526469
  criterion: friedman_mse
  ccp_alpha: 0.00047397749659833964
  dropout_rate: 0.023559060265808097
  validation_fraction: 0.2764059037977653
  n_iter_no_change: null
  tol: 0.0017018844926465389
  random_state: 1024
  warm_start: false
  verbose: 0
seed: 1024
cv_n_splits: 5
cv_n_repeats: 10
preprocessing_config:
  eps: 1.0e-06
  min_speed: 0.01
  max_hours: 9999.0
