model_type: coxnet
model_params:
  l1_ratio: 0.9594655809188029
  alpha_min_ratio: 0.047514591311471545
  n_alphas: 106
  max_iter: 17454
  tol: 1.2016730864393608e-05
seed: 777
cv_n_splits: 5
cv_n_repeats: 10
preprocessing_config:
  eps: 1.0e-06
  min_speed: 0.01
  max_hours: 9999.0
