model_type: coxnet
model_params:
  l1_ratio: 0.9092730729899712
  alpha_min_ratio: 0.09731712934333572
  n_alphas: 171
  max_iter: 430
  tol: 3.707028605292812e-05
seed: 42
cv_n_splits: 5
cv_n_repeats: 10
preprocessing_config:
  eps: 1.0e-06
  min_speed: 0.01
  max_hours: 9999.0
