model_type: coxnet
model_params:
  l1_ratio: 0.7089087425863585
  alpha_min_ratio: 0.03553839674701236
  n_alphas: 110
  max_iter: 16229
  tol: 1.4125816050149783e-07
seed: 2023
cv_n_splits: 5
cv_n_repeats: 10
preprocessing_config:
  eps: 1.0e-06
  min_speed: 0.01
  max_hours: 9999.0
