seed: 42
cv_n_splits: 5
cv_n_repeats: 10
gbsa_config:
  loss: coxph
  n_estimators: 352
  learning_rate: 0.03979263374707005
  subsample: 0.5366465961935707
  max_depth: 3
  max_features: 0.3
  max_leaf_nodes: 8
  min_samples_split: 16
  min_samples_leaf: 11
  min_weight_fraction_leaf: 0.0
  min_impurity_decrease: 0.038634512936225655
  criterion: friedman_mse
  ccp_alpha: 0.00509458155582158
  dropout_rate: 0.0261196871833467
  validation_fraction: 0.28648600056117
  n_iter_no_change: 10
  tol: 9.237502892526604e-05
  random_state: 42
  warm_start: false
  verbose: 0
preprocessing_config:
  eps: 1.0e-06
  min_speed: 0.01
  max_hours: 9999.0
