model_type: coxnet
model_params:
  l1_ratio: 0.9471165350369876
  alpha_min_ratio: 0.0659395060556333
  n_alphas: 218
  max_iter: 15744
  tol: 1.471677549471031e-08
seed: 2023
cv_n_splits: 5
cv_n_repeats: 10
preprocessing_config:
  eps: 1.0e-06
  min_speed: 0.01
  max_hours: 9999.0
