model_type: gbsa
model_params:
  loss: coxph
  n_estimators: 387
  learning_rate: 0.1726245952875871
  subsample: 0.5392197090329329
  max_depth: 6
  max_features: null
  max_leaf_nodes: null
  min_samples_split: 9
  min_samples_leaf: 18
  min_weight_fraction_leaf: 0.0
  min_impurity_decrease: 0.011918041360538877
  criterion: friedman_mse
  ccp_alpha: 1.2654377092703674e-05
  dropout_rate: 0.013662265249396116
  validation_fraction: 0.10845856772544536
  n_iter_no_change: null
  tol: 0.0005341372582360835
  random_state: 2023
  warm_start: false
  verbose: 0
seed: 2023
cv_n_splits: 5
cv_n_repeats: 10
preprocessing_config:
  eps: 1.0e-06
  min_speed: 0.01
  max_hours: 9999.0
