model_type: gbsa
model_params:
  loss: coxph
  n_estimators: 467
  learning_rate: 0.17317730664702546
  subsample: 0.6175047218797126
  max_depth: 4
  max_features: 1.0
  max_leaf_nodes: 31
  min_samples_split: 4
  min_samples_leaf: 17
  min_weight_fraction_leaf: 0.0
  min_impurity_decrease: 0.04007002815504436
  criterion: friedman_mse
  ccp_alpha: 1.101097117936579e-05
  dropout_rate: 0.10650556113196719
  validation_fraction: 0.24375169834471277
  n_iter_no_change: null
  tol: 0.00012081131174653278
  random_state: 2023
  warm_start: false
  verbose: 0
seed: 2023
cv_n_splits: 5
cv_n_repeats: 10
preprocessing_config:
  eps: 1.0e-06
  min_speed: 0.01
  max_hours: 9999.0
