model_type: gbsa
model_params:
  loss: coxph
  n_estimators: 482
  learning_rate: 0.11766162000904812
  subsample: 0.5099421139802593
  max_depth: 6
  max_features: 0.5
  max_leaf_nodes: 16
  min_samples_split: 12
  min_samples_leaf: 20
  min_weight_fraction_leaf: 0.0
  min_impurity_decrease: 0.026462546380989566
  criterion: friedman_mse
  ccp_alpha: 0.0007493633898659053
  dropout_rate: 0.12128470953260721
  validation_fraction: 0.1428875754183448
  n_iter_no_change: null
  tol: 0.0012426153248420353
  random_state: 2023
  warm_start: false
  verbose: 0
seed: 2023
cv_n_splits: 5
cv_n_repeats: 10
preprocessing_config:
  eps: 1.0e-06
  min_speed: 0.01
  max_hours: 9999.0
