model_type: gbsa
model_params:
  loss: coxph
  n_estimators: 109
  learning_rate: 0.05586889884033519
  subsample: 0.768199238023397
  max_depth: 6
  max_features: 0.3
  max_leaf_nodes: 63
  min_samples_split: 20
  min_samples_leaf: 2
  min_weight_fraction_leaf: 0.0
  min_impurity_decrease: 0.03381473168996103
  criterion: friedman_mse
  ccp_alpha: 2.6095910314805713e-07
  dropout_rate: 0.033557818125907225
  validation_fraction: 0.29091084951766294
  n_iter_no_change: null
  tol: 0.006609141383101443
  random_state: 1024
  warm_start: false
  verbose: 0
seed: 1024
cv_n_splits: 5
cv_n_repeats: 10
preprocessing_config:
  eps: 1.0e-06
  min_speed: 0.01
  max_hours: 9999.0
