model_type: gbsa
model_params:
  loss: coxph
  n_estimators: 499
  learning_rate: 0.14885973860082918
  subsample: 0.6710544194808733
  max_depth: 5
  max_features: 1.0
  max_leaf_nodes: 8
  min_samples_split: 14
  min_samples_leaf: 12
  min_weight_fraction_leaf: 0.0
  min_impurity_decrease: 0.01012639760019818
  criterion: friedman_mse
  ccp_alpha: 0.002331182199556346
  dropout_rate: 0.13373086936573694
  validation_fraction: 0.269004798447213
  n_iter_no_change: 10
  tol: 0.0001917094549118832
  random_state: 777
  warm_start: false
  verbose: 0
seed: 777
cv_n_splits: 5
cv_n_repeats: 10
preprocessing_config:
  eps: 1.0e-06
  min_speed: 0.01
  max_hours: 9999.0
