model_type: coxnet
model_params:
  l1_ratio: 0.8263433367107648
  alpha_min_ratio: 0.08816727689103918
  n_alphas: 278
  max_iter: 15270
  tol: 2.1697144448612223e-05
seed: 42
cv_n_splits: 5
cv_n_repeats: 10
preprocessing_config:
  eps: 1.0e-06
  min_speed: 0.01
  max_hours: 9999.0
