model_type: gbsa
model_params:
  loss: coxph
  n_estimators: 480
  learning_rate: 0.040598189483649766
  subsample: 0.6358436054625294
  max_depth: 3
  max_features: sqrt
  max_leaf_nodes: 31
  min_samples_split: 11
  min_samples_leaf: 9
  min_weight_fraction_leaf: 0.0
  min_impurity_decrease: 0.04152788259805234
  criterion: friedman_mse
  ccp_alpha: 1.1929533696592849e-05
  dropout_rate: 0.008579506571170188
  validation_fraction: 0.2802363816626279
  n_iter_no_change: null
  tol: 1.853310923612021e-05
  random_state: 777
  warm_start: false
  verbose: 0
seed: 777
cv_n_splits: 5
cv_n_repeats: 10
preprocessing_config:
  eps: 1.0e-06
  min_speed: 0.01
  max_hours: 9999.0
