model_type: coxnet
model_params:
  l1_ratio: 0.9933078952408563
  alpha_min_ratio: 0.0795155429602217
  n_alphas: 224
  max_iter: 1726
  tol: 1.6566573258726388e-05
seed: 42
cv_n_splits: 5
cv_n_repeats: 10
preprocessing_config:
  eps: 1.0e-06
  min_speed: 0.01
  max_hours: 9999.0
