model_type: coxnet
model_params:
  l1_ratio: 0.9834597980830223
  alpha_min_ratio: 0.050753473315242985
  n_alphas: 269
  max_iter: 16088
  tol: 9.342936445610683e-06
seed: 1024
cv_n_splits: 5
cv_n_repeats: 10
preprocessing_config:
  eps: 1.0e-06
  min_speed: 0.01
  max_hours: 9999.0
