model_type: gbsa
model_params:
  loss: coxph
  n_estimators: 401
  learning_rate: 0.11623704419090146
  subsample: 0.5312549270111399
  max_depth: 6
  max_features: null
  max_leaf_nodes: 16
  min_samples_split: 15
  min_samples_leaf: 9
  min_weight_fraction_leaf: 0.0
  min_impurity_decrease: 0.044782834479648766
  criterion: friedman_mse
  ccp_alpha: 0.007310059285425972
  dropout_rate: 0.14076863009987234
  validation_fraction: 0.25961697899879344
  n_iter_no_change: 20
  tol: 0.002252626814598591
  random_state: 1024
  warm_start: false
  verbose: 0
seed: 1024
cv_n_splits: 5
cv_n_repeats: 10
preprocessing_config:
  eps: 1.0e-06
  min_speed: 0.01
  max_hours: 9999.0
