model_type: gbsa
model_params:
  loss: coxph
  n_estimators: 416
  learning_rate: 0.060535606555679564
  subsample: 0.9940109851961425
  max_depth: 2
  max_features: 0.3
  max_leaf_nodes: 63
  min_samples_split: 3
  min_samples_leaf: 3
  min_weight_fraction_leaf: 0.0
  min_impurity_decrease: 0.034029452185832865
  criterion: friedman_mse
  ccp_alpha: 0.0017253106740550922
  dropout_rate: 0.12946223937462215
  validation_fraction: 0.25241908527210094
  n_iter_no_change: null
  tol: 0.0004543620090716811
  random_state: 1024
  warm_start: false
  verbose: 0
seed: 1024
cv_n_splits: 5
cv_n_repeats: 10
preprocessing_config:
  eps: 1.0e-06
  min_speed: 0.01
  max_hours: 9999.0
