model_type: gbsa
model_params:
  loss: coxph
  n_estimators: 476
  learning_rate: 0.005428715003315795
  subsample: 0.6968860524429694
  max_depth: 1
  max_features: 1.0
  max_leaf_nodes: null
  min_samples_split: 12
  min_samples_leaf: 9
  min_weight_fraction_leaf: 0.0
  min_impurity_decrease: 0.015404166299806192
  criterion: friedman_mse
  ccp_alpha: 0.05546658098469925
  dropout_rate: 0.042223079189907635
  validation_fraction: 0.1949374560810243
  n_iter_no_change: 10
  tol: 0.004270050303970569
  random_state: 2023
  warm_start: false
  verbose: 0
seed: 2023
cv_n_splits: 5
cv_n_repeats: 10
preprocessing_config:
  eps: 1.0e-06
  min_speed: 0.01
  max_hours: 9999.0
