model_type: gbsa
model_params:
  loss: coxph
  n_estimators: 495
  learning_rate: 0.07166858891761582
  subsample: 0.8311387247738317
  max_depth: 5
  max_features: 0.3
  max_leaf_nodes: null
  min_samples_split: 7
  min_samples_leaf: 7
  min_weight_fraction_leaf: 0.0
  min_impurity_decrease: 0.036886145625298
  criterion: friedman_mse
  ccp_alpha: 0.0009681317472280125
  dropout_rate: 0.1692476117209897
  validation_fraction: 0.21427493750051632
  n_iter_no_change: null
  tol: 0.0006596075260966994
  random_state: 1024
  warm_start: false
  verbose: 0
seed: 1024
cv_n_splits: 5
cv_n_repeats: 10
preprocessing_config:
  eps: 1.0e-06
  min_speed: 0.01
  max_hours: 9999.0
