model_type: gbsa
model_params:
  loss: coxph
  n_estimators: 365
  learning_rate: 0.0740884970487785
  subsample: 0.6423514892037527
  max_depth: 2
  max_features: 0.3
  max_leaf_nodes: 16
  min_samples_split: 19
  min_samples_leaf: 18
  min_weight_fraction_leaf: 0.0
  min_impurity_decrease: 0.017074949036744932
  criterion: friedman_mse
  ccp_alpha: 0.021104355782277148
  dropout_rate: 0.0008015024271759374
  validation_fraction: 0.1895271156932971
  n_iter_no_change: 20
  tol: 0.0005177640348629893
  random_state: 2023
  warm_start: false
  verbose: 0
seed: 2023
cv_n_splits: 5
cv_n_repeats: 10
preprocessing_config:
  eps: 1.0e-06
  min_speed: 0.01
  max_hours: 9999.0
