model_type: gbsa
model_params:
  loss: coxph
  n_estimators: 460
  learning_rate: 0.0671265767190817
  subsample: 0.5930750610876756
  max_depth: 3
  max_features: sqrt
  max_leaf_nodes: 31
  min_samples_split: 9
  min_samples_leaf: 2
  min_weight_fraction_leaf: 0.0
  min_impurity_decrease: 0.02855296620543617
  criterion: friedman_mse
  ccp_alpha: 0.0007695494857318206
  dropout_rate: 0.03279004643478647
  validation_fraction: 0.1665509005071242
  n_iter_no_change: null
  tol: 0.0013855828783219276
  random_state: 42
  warm_start: false
  verbose: 0
seed: 42
cv_n_splits: 5
cv_n_repeats: 10
preprocessing_config:
  eps: 1.0e-06
  min_speed: 0.01
  max_hours: 9999.0
