model_type: gbsa
model_params:
  loss: coxph
  n_estimators: 221
  learning_rate: 0.17340238541426725
  subsample: 0.6775547112325536
  max_depth: 6
  max_features: sqrt
  max_leaf_nodes: 8
  min_samples_split: 7
  min_samples_leaf: 10
  min_weight_fraction_leaf: 0.0
  min_impurity_decrease: 0.045761111364292784
  criterion: friedman_mse
  ccp_alpha: 3.782000509352536e-08
  dropout_rate: 0.007504223126406031
  validation_fraction: 0.15274896268695093
  n_iter_no_change: null
  tol: 2.61400381308163e-05
  random_state: 42
  warm_start: false
  verbose: 0
seed: 42
cv_n_splits: 5
cv_n_repeats: 10
preprocessing_config:
  eps: 1.0e-06
  min_speed: 0.01
  max_hours: 9999.0
