model_type: coxnet
model_params:
  l1_ratio: 0.3796950957195231
  alpha_min_ratio: 0.05742346309113674
  n_alphas: 130
  max_iter: 690
  tol: 1.287183941986857e-08
seed: 42
cv_n_splits: 5
cv_n_repeats: 10
preprocessing_config:
  eps: 1.0e-06
  min_speed: 0.01
  max_hours: 9999.0
