model_type: gbsa
model_params:
  loss: coxph
  n_estimators: 366
  learning_rate: 0.059387045975565364
  subsample: 0.5446112426119964
  max_depth: 4
  max_features: 0.5
  max_leaf_nodes: 16
  min_samples_split: 8
  min_samples_leaf: 19
  min_weight_fraction_leaf: 0.0
  min_impurity_decrease: 0.010642459112441984
  criterion: friedman_mse
  ccp_alpha: 0.00011505075904724612
  dropout_rate: 0.04604816222539017
  validation_fraction: 0.10194596622668341
  n_iter_no_change: 20
  tol: 0.0003123368098404763
  random_state: 2023
  warm_start: false
  verbose: 0
seed: 2023
cv_n_splits: 5
cv_n_repeats: 10
preprocessing_config:
  eps: 1.0e-06
  min_speed: 0.01
  max_hours: 9999.0
