model_type: coxnet
model_params:
  l1_ratio: 0.7361736835136607
  alpha_min_ratio: 0.027521418206809076
  n_alphas: 257
  max_iter: 18935
  tol: 5.61713110622683e-06
seed: 42
cv_n_splits: 5
cv_n_repeats: 10
preprocessing_config:
  eps: 1.0e-06
  min_speed: 0.01
  max_hours: 9999.0
