seed: 42
cv_n_splits: 5
cv_n_repeats: 10
gbsa_config:
  loss: coxph
  n_estimators: 348
  learning_rate: 0.10431428984420947
  subsample: 0.6036314135731017
  max_depth: 6
  max_features: 0.7
  max_leaf_nodes: 16
  min_samples_split: 7
  min_samples_leaf: 14
  min_weight_fraction_leaf: 0.0
  min_impurity_decrease: 0.016509764459040236
  criterion: friedman_mse
  ccp_alpha: 0.001801887366955117
  dropout_rate: 0.09960794122888976
  validation_fraction: 0.18483076861093262
  n_iter_no_change: null
  tol: 1.0963009839561915e-05
  random_state: 42
  warm_start: false
  verbose: 0
preprocessing_config:
  eps: 1.0e-06
  min_speed: 0.01
  max_hours: 9999.0
