model_type: coxnet
model_params:
  l1_ratio: 0.8618409412356827
  alpha_min_ratio: 0.03774366451254124
  n_alphas: 292
  max_iter: 1464
  tol: 1.661291481112025e-05
seed: 42
cv_n_splits: 5
cv_n_repeats: 10
preprocessing_config:
  eps: 1.0e-06
  min_speed: 0.01
  max_hours: 9999.0
