model_type: coxnet
model_params:
  l1_ratio: 0.9423435499658939
  alpha_min_ratio: 0.08511938178980866
  n_alphas: 291
  max_iter: 15220
  tol: 8.853677105326518e-05
seed: 1024
cv_n_splits: 5
cv_n_repeats: 10
preprocessing_config:
  eps: 1.0e-06
  min_speed: 0.01
  max_hours: 9999.0
