model_type: coxnet
model_params:
  l1_ratio: 0.8706386667514737
  alpha_min_ratio: 0.04956910884239175
  n_alphas: 177
  max_iter: 18639
  tol: 7.21881299516214e-05
seed: 42
cv_n_splits: 5
cv_n_repeats: 10
preprocessing_config:
  eps: 1.0e-06
  min_speed: 0.01
  max_hours: 9999.0
