model_type: coxnet
model_params:
  l1_ratio: 0.7899620790876385
  alpha_min_ratio: 0.07383945638213953
  n_alphas: 131
  max_iter: 11730
  tol: 2.874551952691121e-07
seed: 1024
cv_n_splits: 5
cv_n_repeats: 10
preprocessing_config:
  eps: 1.0e-06
  min_speed: 0.01
  max_hours: 9999.0
