model_type: gbsa
model_params:
  loss: coxph
  n_estimators: 269
  learning_rate: 0.18063047404833282
  subsample: 0.6406192367423413
  max_depth: 5
  max_features: null
  max_leaf_nodes: 8
  min_samples_split: 14
  min_samples_leaf: 4
  min_weight_fraction_leaf: 0.0
  min_impurity_decrease: 0.037110461526933966
  criterion: friedman_mse
  ccp_alpha: 2.5244336943057603e-05
  dropout_rate: 0.03050541370687944
  validation_fraction: 0.1960071055288381
  n_iter_no_change: null
  tol: 1.5956826136736038e-05
  random_state: 777
  warm_start: false
  verbose: 0
seed: 777
cv_n_splits: 5
cv_n_repeats: 10
preprocessing_config:
  eps: 1.0e-06
  min_speed: 0.01
  max_hours: 9999.0
