model_type: gbsa
model_params:
  loss: coxph
  n_estimators: 363
  learning_rate: 0.03293971937654069
  subsample: 0.7919850190169817
  max_depth: 4
  max_features: sqrt
  max_leaf_nodes: null
  min_samples_split: 15
  min_samples_leaf: 2
  min_weight_fraction_leaf: 0.0
  min_impurity_decrease: 0.03518965429020409
  criterion: friedman_mse
  ccp_alpha: 0.00039757928538260834
  dropout_rate: 0.22600292544481201
  validation_fraction: 0.28956066701630984
  n_iter_no_change: null
  tol: 0.006779023906382744
  random_state: 1024
  warm_start: false
  verbose: 0
seed: 1024
cv_n_splits: 5
cv_n_repeats: 10
preprocessing_config:
  eps: 1.0e-06
  min_speed: 0.01
  max_hours: 9999.0
