model_type: coxnet
model_params:
  l1_ratio: 0.9088139390104321
  alpha_min_ratio: 0.08648117591887462
  n_alphas: 198
  max_iter: 11440
  tol: 1.7895394368118126e-06
seed: 2023
cv_n_splits: 5
cv_n_repeats: 10
preprocessing_config:
  eps: 1.0e-06
  min_speed: 0.01
  max_hours: 9999.0
