model_type: coxnet
model_params:
  l1_ratio: 0.9344965602273972
  alpha_min_ratio: 0.09303020259389544
  n_alphas: 265
  max_iter: 15175
  tol: 5.2312179975573874e-06
seed: 42
cv_n_splits: 5
cv_n_repeats: 10
preprocessing_config:
  eps: 1.0e-06
  min_speed: 0.01
  max_hours: 9999.0
