model_type: coxnet
model_params:
  l1_ratio: 0.9782346301576694
  alpha_min_ratio: 0.016105700299794936
  n_alphas: 86
  max_iter: 16566
  tol: 1.547927942102426e-08
seed: 1024
cv_n_splits: 5
cv_n_repeats: 10
preprocessing_config:
  eps: 1.0e-06
  min_speed: 0.01
  max_hours: 9999.0
