model_type: coxnet
model_params:
  l1_ratio: 0.25181758353508243
  alpha_min_ratio: 0.0001108824297156279
  n_alphas: 277
  max_iter: 8650
  tol: 2.3084259666191473e-08
seed: 777
cv_n_splits: 5
cv_n_repeats: 10
preprocessing_config:
  eps: 1.0e-06
  min_speed: 0.01
  max_hours: 9999.0
