model_type: gbsa
model_params:
  loss: coxph
  n_estimators: 132
  learning_rate: 0.1617633376888025
  subsample: 0.7817931782892413
  max_depth: 6
  max_features: null
  max_leaf_nodes: 8
  min_samples_split: 10
  min_samples_leaf: 16
  min_weight_fraction_leaf: 0.0
  min_impurity_decrease: 0.025396876042474845
  criterion: friedman_mse
  ccp_alpha: 0.0005452797545625926
  dropout_rate: 0.035372712018235435
  validation_fraction: 0.2819407423554054
  n_iter_no_change: null
  tol: 1.5727779604797043e-05
  random_state: 777
  warm_start: false
  verbose: 0
seed: 777
cv_n_splits: 5
cv_n_repeats: 10
preprocessing_config:
  eps: 1.0e-06
  min_speed: 0.01
  max_hours: 9999.0
