model_type: coxnet
model_params:
  l1_ratio: 0.9375909419046264
  alpha_min_ratio: 0.09771554967930249
  n_alphas: 291
  max_iter: 19107
  tol: 1.8591737020649608e-05
seed: 42
cv_n_splits: 5
cv_n_repeats: 10
preprocessing_config:
  eps: 1.0e-06
  min_speed: 0.01
  max_hours: 9999.0
