model_type: coxnet
model_params:
  l1_ratio: 0.8755739759264878
  alpha_min_ratio: 0.05062525350946203
  n_alphas: 243
  max_iter: 16587
  tol: 1.0887524826294783e-05
seed: 42
cv_n_splits: 5
cv_n_repeats: 10
preprocessing_config:
  eps: 1.0e-06
  min_speed: 0.01
  max_hours: 9999.0
