model_type: coxnet
model_params:
  l1_ratio: 0.9847666433943538
  alpha_min_ratio: 0.003336682781087538
  n_alphas: 187
  max_iter: 6425
  tol: 1.1372842538811875e-07
seed: 1024
cv_n_splits: 5
cv_n_repeats: 10
preprocessing_config:
  eps: 1.0e-06
  min_speed: 0.01
  max_hours: 9999.0
