model_type: coxnet
model_params:
  l1_ratio: 0.980557225759712
  alpha_min_ratio: 0.04511861525536707
  n_alphas: 77
  max_iter: 16575
  tol: 1.7000103346285007e-07
seed: 2023
cv_n_splits: 5
cv_n_repeats: 10
preprocessing_config:
  eps: 1.0e-06
  min_speed: 0.01
  max_hours: 9999.0
