model_type: coxnet
model_params:
  l1_ratio: 0.9192001563758883
  alpha_min_ratio: 0.08017719452090022
  n_alphas: 276
  max_iter: 19587
  tol: 6.181606546736227e-07
seed: 2023
cv_n_splits: 5
cv_n_repeats: 10
preprocessing_config:
  eps: 1.0e-06
  min_speed: 0.01
  max_hours: 9999.0
