model_type: coxnet
model_params:
  l1_ratio: 0.7948218490751655
  alpha_min_ratio: 0.04745999080225001
  n_alphas: 138
  max_iter: 852
  tol: 9.998216512348351e-05
seed: 42
cv_n_splits: 5
cv_n_repeats: 10
preprocessing_config:
  eps: 1.0e-06
  min_speed: 0.01
  max_hours: 9999.0
