model_type: gbsa
model_params:
  loss: coxph
  n_estimators: 326
  learning_rate: 0.057070434298884296
  subsample: 0.6385113954069939
  max_depth: 3
  max_features: log2
  max_leaf_nodes: 63
  min_samples_split: 17
  min_samples_leaf: 9
  min_weight_fraction_leaf: 0.0
  min_impurity_decrease: 0.019837550755809293
  criterion: friedman_mse
  ccp_alpha: 0.008177451602835189
  dropout_rate: 0.14538387213643336
  validation_fraction: 0.10754210591064219
  n_iter_no_change: 5
  tol: 7.507036330839923e-05
  random_state: 777
  warm_start: false
  verbose: 0
seed: 777
cv_n_splits: 5
cv_n_repeats: 10
preprocessing_config:
  eps: 1.0e-06
  min_speed: 0.01
  max_hours: 9999.0
