model_type: coxnet
model_params:
  l1_ratio: 0.8724777414306318
  alpha_min_ratio: 0.0007790972906354886
  n_alphas: 227
  max_iter: 1224
  tol: 4.4839408245025915e-07
seed: 42
cv_n_splits: 5
cv_n_repeats: 10
preprocessing_config:
  eps: 1.0e-06
  min_speed: 0.01
  max_hours: 9999.0
