model_type: coxnet
model_params:
  l1_ratio: 0.969217347207472
  alpha_min_ratio: 0.09604757627671588
  n_alphas: 99
  max_iter: 16395
  tol: 1.4154730740469792e-08
seed: 1024
cv_n_splits: 5
cv_n_repeats: 10
preprocessing_config:
  eps: 1.0e-06
  min_speed: 0.01
  max_hours: 9999.0
