model_type: coxnet
model_params:
  l1_ratio: 0.8298964419609107
  alpha_min_ratio: 0.07085344692339351
  n_alphas: 217
  max_iter: 19157
  tol: 3.406891266273286e-07
seed: 2023
cv_n_splits: 5
cv_n_repeats: 10
preprocessing_config:
  eps: 1.0e-06
  min_speed: 0.01
  max_hours: 9999.0
