model_type: gbsa
model_params:
  loss: coxph
  n_estimators: 443
  learning_rate: 0.17211862948401377
  subsample: 0.539260106620712
  max_depth: 4
  max_features: sqrt
  max_leaf_nodes: 8
  min_samples_split: 9
  min_samples_leaf: 7
  min_weight_fraction_leaf: 0.0
  min_impurity_decrease: 0.04488922208016903
  criterion: friedman_mse
  ccp_alpha: 0.000826901538018802
  dropout_rate: 0.0032362191773162158
  validation_fraction: 0.26936525166949077
  n_iter_no_change: null
  tol: 0.00010587512080635668
  random_state: 777
  warm_start: false
  verbose: 0
seed: 777
cv_n_splits: 5
cv_n_repeats: 10
preprocessing_config:
  eps: 1.0e-06
  min_speed: 0.01
  max_hours: 9999.0
