model_type: coxnet
model_params:
  l1_ratio: 0.6115802043711627
  alpha_min_ratio: 0.0503755526292093
  n_alphas: 75
  max_iter: 1291
  tol: 2.7987448353703653e-05
seed: 42
cv_n_splits: 5
cv_n_repeats: 10
preprocessing_config:
  eps: 1.0e-06
  min_speed: 0.01
  max_hours: 9999.0
