model_type: gbsa
model_params:
  loss: coxph
  n_estimators: 103
  learning_rate: 0.039731494918560296
  subsample: 0.8462553988800996
  max_depth: 6
  max_features: null
  max_leaf_nodes: 63
  min_samples_split: 17
  min_samples_leaf: 20
  min_weight_fraction_leaf: 0.0
  min_impurity_decrease: 0.04532085413853288
  criterion: friedman_mse
  ccp_alpha: 6.176461360246329e-07
  dropout_rate: 0.0847662650172803
  validation_fraction: 0.2805035031210717
  n_iter_no_change: 10
  tol: 2.8861848025671092e-05
  random_state: 777
  warm_start: false
  verbose: 0
seed: 777
cv_n_splits: 5
cv_n_repeats: 10
preprocessing_config:
  eps: 1.0e-06
  min_speed: 0.01
  max_hours: 9999.0
