model_type: coxnet
model_params:
  l1_ratio: 0.9185299240070491
  alpha_min_ratio: 0.09600095686274604
  n_alphas: 153
  max_iter: 14928
  tol: 2.44717708829599e-06
seed: 1024
cv_n_splits: 5
cv_n_repeats: 10
preprocessing_config:
  eps: 1.0e-06
  min_speed: 0.01
  max_hours: 9999.0
