model_type: coxnet
model_params:
  l1_ratio: 0.9509808182720967
  alpha_min_ratio: 0.054284929847680005
  n_alphas: 213
  max_iter: 12416
  tol: 1.1600212132498655e-06
seed: 2023
cv_n_splits: 5
cv_n_repeats: 10
preprocessing_config:
  eps: 1.0e-06
  min_speed: 0.01
  max_hours: 9999.0
