model_type: coxnet
model_params:
  l1_ratio: 0.7264061430375376
  alpha_min_ratio: 0.06236759492473848
  n_alphas: 66
  max_iter: 15031
  tol: 3.445358098562532e-07
seed: 1024
cv_n_splits: 5
cv_n_repeats: 10
preprocessing_config:
  eps: 1.0e-06
  min_speed: 0.01
  max_hours: 9999.0
