model_type: gbsa
model_params:
  loss: coxph
  n_estimators: 366
  learning_rate: 0.13147890292482056
  subsample: 0.9913153999521183
  max_depth: 5
  max_features: sqrt
  max_leaf_nodes: 8
  min_samples_split: 4
  min_samples_leaf: 12
  min_weight_fraction_leaf: 0.0
  min_impurity_decrease: 0.04963784926282384
  criterion: friedman_mse
  ccp_alpha: 6.437955333131707e-08
  dropout_rate: 0.09275505546793027
  validation_fraction: 0.14698633210536857
  n_iter_no_change: null
  tol: 6.474506608752951e-05
  random_state: 42
  warm_start: false
  verbose: 0
seed: 42
cv_n_splits: 5
cv_n_repeats: 10
preprocessing_config:
  eps: 1.0e-06
  min_speed: 0.01
  max_hours: 9999.0
