model_type: coxnet
model_params:
  l1_ratio: 0.9378877572829917
  alpha_min_ratio: 0.06831970191272554
  n_alphas: 243
  max_iter: 18040
  tol: 3.6794206931264293e-06
seed: 42
cv_n_splits: 5
cv_n_repeats: 10
preprocessing_config:
  eps: 1.0e-06
  min_speed: 0.01
  max_hours: 9999.0
