model_type: gbsa
model_params:
  loss: coxph
  n_estimators: 374
  learning_rate: 0.14227278801829385
  subsample: 0.5411157781390972
  max_depth: 4
  max_features: 0.3
  max_leaf_nodes: 63
  min_samples_split: 8
  min_samples_leaf: 4
  min_weight_fraction_leaf: 0.0
  min_impurity_decrease: 0.012155400188327036
  criterion: friedman_mse
  ccp_alpha: 0.008561465010759923
  dropout_rate: 0.0796302466510673
  validation_fraction: 0.22194640143164365
  n_iter_no_change: 20
  tol: 0.0017602308493854858
  random_state: 777
  warm_start: false
  verbose: 0
seed: 777
cv_n_splits: 5
cv_n_repeats: 10
preprocessing_config:
  eps: 1.0e-06
  min_speed: 0.01
  max_hours: 9999.0
