model_type: gbsa
model_params:
  loss: coxph
  n_estimators: 338
  learning_rate: 0.02177547147491458
  subsample: 0.6098808171631386
  max_depth: 4
  max_features: 0.5
  max_leaf_nodes: 8
  min_samples_split: 14
  min_samples_leaf: 19
  min_weight_fraction_leaf: 0.0
  min_impurity_decrease: 0.028570661259175262
  criterion: friedman_mse
  ccp_alpha: 0.0026482438063153255
  dropout_rate: 0.18239020583042237
  validation_fraction: 0.23332096115533463
  n_iter_no_change: 5
  tol: 0.0036332059288746816
  random_state: 1024
  warm_start: false
  verbose: 0
seed: 1024
cv_n_splits: 5
cv_n_repeats: 10
preprocessing_config:
  eps: 1.0e-06
  min_speed: 0.01
  max_hours: 9999.0
