model_type: coxnet
model_params:
  l1_ratio: 0.8595954310907692
  alpha_min_ratio: 0.001312723202734882
  n_alphas: 196
  max_iter: 19347
  tol: 1.026098163206417e-05
seed: 777
cv_n_splits: 5
cv_n_repeats: 10
preprocessing_config:
  eps: 1.0e-06
  min_speed: 0.01
  max_hours: 9999.0
