model_type: coxnet
model_params:
  l1_ratio: 0.5729268742605931
  alpha_min_ratio: 0.06832574567244284
  n_alphas: 203
  max_iter: 13020
  tol: 8.86904875923383e-07
seed: 2023
cv_n_splits: 5
cv_n_repeats: 10
preprocessing_config:
  eps: 1.0e-06
  min_speed: 0.01
  max_hours: 9999.0
