model_type: gbsa
model_params:
  loss: coxph
  n_estimators: 260
  learning_rate: 0.18791918807342142
  subsample: 0.8933618477722355
  max_depth: 4
  max_features: 1.0
  max_leaf_nodes: null
  min_samples_split: 10
  min_samples_leaf: 2
  min_weight_fraction_leaf: 0.0
  min_impurity_decrease: 0.04516427055927396
  criterion: friedman_mse
  ccp_alpha: 6.24287728522557e-07
  dropout_rate: 0.05273581898643917
  validation_fraction: 0.17947035830980065
  n_iter_no_change: null
  tol: 0.0008998153537815283
  random_state: 1024
  warm_start: false
  verbose: 0
seed: 1024
cv_n_splits: 5
cv_n_repeats: 10
preprocessing_config:
  eps: 1.0e-06
  min_speed: 0.01
  max_hours: 9999.0
