model_type: coxnet
model_params:
  l1_ratio: 0.1622828292916002
  alpha_min_ratio: 0.008397482039885364
  n_alphas: 293
  max_iter: 16377
  tol: 1.1833903854641087e-08
seed: 2023
cv_n_splits: 5
cv_n_repeats: 10
preprocessing_config:
  eps: 1.0e-06
  min_speed: 0.01
  max_hours: 9999.0
