model_type: coxnet
model_params:
  l1_ratio: 0.278870142088571
  alpha_min_ratio: 0.03150200561615617
  n_alphas: 83
  max_iter: 18842
  tol: 2.095284043656229e-06
seed: 42
cv_n_splits: 5
cv_n_repeats: 10
preprocessing_config:
  eps: 1.0e-06
  min_speed: 0.01
  max_hours: 9999.0
