model_type: coxnet
model_params:
  l1_ratio: 0.7203680036724401
  alpha_min_ratio: 0.08447528029005368
  n_alphas: 65
  max_iter: 10376
  tol: 1.781439769390047e-05
seed: 777
cv_n_splits: 5
cv_n_repeats: 10
preprocessing_config:
  eps: 1.0e-06
  min_speed: 0.01
  max_hours: 9999.0
