model_type: coxnet
model_params:
  l1_ratio: 0.9402749414865523
  alpha_min_ratio: 0.07732832200429793
  n_alphas: 290
  max_iter: 18692
  tol: 9.503154838886647e-06
seed: 42
cv_n_splits: 5
cv_n_repeats: 10
preprocessing_config:
  eps: 1.0e-06
  min_speed: 0.01
  max_hours: 9999.0
