model_type: coxnet
model_params:
  l1_ratio: 0.9401173841520707
  alpha_min_ratio: 0.004213157681810314
  n_alphas: 72
  max_iter: 8947
  tol: 2.5277373420711167e-05
seed: 42
cv_n_splits: 5
cv_n_repeats: 10
preprocessing_config:
  eps: 1.0e-06
  min_speed: 0.01
  max_hours: 9999.0
