seed: 42
cv_n_splits: 5
cv_n_repeats: 10
gbsa_config:
  loss: coxph
  n_estimators: 493
  learning_rate: 0.04976235062581148
  subsample: 0.6799929641429264
  max_depth: 3
  max_features: sqrt
  max_leaf_nodes: 31
  min_samples_split: 4
  min_samples_leaf: 18
  min_weight_fraction_leaf: 0.0
  min_impurity_decrease: 0.029251889768804634
  criterion: friedman_mse
  ccp_alpha: 0.006583890674740506
  dropout_rate: 0.04128715025507414
  validation_fraction: 0.1195342402770449
  n_iter_no_change: 20
  tol: 1.0686290683895463e-05
  random_state: 42
  warm_start: false
  verbose: 0
preprocessing_config:
  eps: 1.0e-06
  min_speed: 0.01
  max_hours: 9999.0
