model_type: coxnet
model_params:
  l1_ratio: 0.9940589833987756
  alpha_min_ratio: 0.015465048502838977
  n_alphas: 118
  max_iter: 16938
  tol: 6.063897686251632e-07
seed: 1024
cv_n_splits: 5
cv_n_repeats: 10
preprocessing_config:
  eps: 1.0e-06
  min_speed: 0.01
  max_hours: 9999.0
