model_type: gbsa
model_params:
  loss: coxph
  n_estimators: 324
  learning_rate: 0.0878687141918768
  subsample: 0.5088606325194902
  max_depth: 4
  max_features: 0.5
  max_leaf_nodes: 31
  min_samples_split: 10
  min_samples_leaf: 6
  min_weight_fraction_leaf: 0.0
  min_impurity_decrease: 0.029917590500814845
  criterion: friedman_mse
  ccp_alpha: 3.6228912906217024e-05
  dropout_rate: 0.019715971390536373
  validation_fraction: 0.2539174247247526
  n_iter_no_change: null
  tol: 0.0021658847559200803
  random_state: 2023
  warm_start: false
  verbose: 0
seed: 2023
cv_n_splits: 5
cv_n_repeats: 10
preprocessing_config:
  eps: 1.0e-06
  min_speed: 0.01
  max_hours: 9999.0
