model_type: coxnet
model_params:
  l1_ratio: 0.8427254463141295
  alpha_min_ratio: 0.06863704875655498
  n_alphas: 300
  max_iter: 15972
  tol: 3.9278118251780776e-05
seed: 1024
cv_n_splits: 5
cv_n_repeats: 10
preprocessing_config:
  eps: 1.0e-06
  min_speed: 0.01
  max_hours: 9999.0
