model_type: coxnet
model_params:
  l1_ratio: 0.9489205478276816
  alpha_min_ratio: 0.0912616150378921
  n_alphas: 176
  max_iter: 14730
  tol: 3.640056616953177e-07
seed: 1024
cv_n_splits: 5
cv_n_repeats: 10
preprocessing_config:
  eps: 1.0e-06
  min_speed: 0.01
  max_hours: 9999.0
