model_type: gbsa
model_params:
  loss: coxph
  n_estimators: 408
  learning_rate: 0.07128836213344629
  subsample: 0.6525772860566037
  max_depth: 6
  max_features: 1.0
  max_leaf_nodes: 63
  min_samples_split: 8
  min_samples_leaf: 9
  min_weight_fraction_leaf: 0.0
  min_impurity_decrease: 0.014863420349206485
  criterion: friedman_mse
  ccp_alpha: 1.47718881272003e-07
  dropout_rate: 0.00936317673212861
  validation_fraction: 0.2412090457725644
  n_iter_no_change: 5
  tol: 0.00011222356515318585
  random_state: 2023
  warm_start: false
  verbose: 0
seed: 2023
cv_n_splits: 5
cv_n_repeats: 10
preprocessing_config:
  eps: 1.0e-06
  min_speed: 0.01
  max_hours: 9999.0
