model_type: gbsa
model_params:
  loss: coxph
  n_estimators: 366
  learning_rate: 0.12734377252043186
  subsample: 0.971422302899612
  max_depth: 4
  max_features: 0.3
  max_leaf_nodes: 31
  min_samples_split: 12
  min_samples_leaf: 1
  min_weight_fraction_leaf: 0.0
  min_impurity_decrease: 0.04202684014983438
  criterion: friedman_mse
  ccp_alpha: 3.9441219194221134e-05
  dropout_rate: 0.04868672893945622
  validation_fraction: 0.29178726388785575
  n_iter_no_change: 10
  tol: 0.00036864228320373376
  random_state: 1024
  warm_start: false
  verbose: 0
seed: 1024
cv_n_splits: 5
cv_n_repeats: 10
preprocessing_config:
  eps: 1.0e-06
  min_speed: 0.01
  max_hours: 9999.0
