seed: 42
cv_n_splits: 5
cv_n_repeats: 10
gbsa_config:
  loss: coxph
  n_estimators: 445
  learning_rate: 0.1275120709934341
  subsample: 0.5394929889124928
  max_depth: 6
  max_features: sqrt
  max_leaf_nodes: 31
  min_samples_split: 5
  min_samples_leaf: 5
  min_weight_fraction_leaf: 0.0
  min_impurity_decrease: 0.021402294364748515
  criterion: friedman_mse
  ccp_alpha: 0.01045201073058882
  dropout_rate: 0.013561032754455036
  validation_fraction: 0.16437793055475086
  n_iter_no_change: null
  tol: 0.0015717692007513196
  random_state: 42
  warm_start: false
  verbose: 0
preprocessing_config:
  eps: 1.0e-06
  min_speed: 0.01
  max_hours: 9999.0
