model_type: coxnet
model_params:
  l1_ratio: 0.9341520332316183
  alpha_min_ratio: 0.08449690972329103
  n_alphas: 243
  max_iter: 15591
  tol: 8.174472166436643e-05
seed: 42
cv_n_splits: 5
cv_n_repeats: 10
preprocessing_config:
  eps: 1.0e-06
  min_speed: 0.01
  max_hours: 9999.0
