model_type: coxnet
model_params:
  l1_ratio: 0.31761591167409853
  alpha_min_ratio: 0.0008034009253023826
  n_alphas: 50
  max_iter: 13205
  tol: 8.556424788970457e-06
seed: 2023
cv_n_splits: 5
cv_n_repeats: 10
preprocessing_config:
  eps: 1.0e-06
  min_speed: 0.01
  max_hours: 9999.0
