model_type: coxnet
model_params:
  l1_ratio: 0.9916535646554863
  alpha_min_ratio: 0.07098446338086578
  n_alphas: 99
  max_iter: 13828
  tol: 3.9679191766563244e-07
seed: 777
cv_n_splits: 5
cv_n_repeats: 10
preprocessing_config:
  eps: 1.0e-06
  min_speed: 0.01
  max_hours: 9999.0
