model_type: gbsa
model_params:
  loss: coxph
  n_estimators: 421
  learning_rate: 0.07141004263115985
  subsample: 0.9698488111420448
  max_depth: 6
  max_features: sqrt
  max_leaf_nodes: 63
  min_samples_split: 19
  min_samples_leaf: 2
  min_weight_fraction_leaf: 0.0
  min_impurity_decrease: 0.03188047654993323
  criterion: friedman_mse
  ccp_alpha: 0.006395067894875108
  dropout_rate: 0.024292187383543665
  validation_fraction: 0.2396138712259282
  n_iter_no_change: null
  tol: 0.009509581694301942
  random_state: 1024
  warm_start: false
  verbose: 0
seed: 1024
cv_n_splits: 5
cv_n_repeats: 10
preprocessing_config:
  eps: 1.0e-06
  min_speed: 0.01
  max_hours: 9999.0
