model_type: coxnet
model_params:
  l1_ratio: 0.8333861342379176
  alpha_min_ratio: 0.057465501476479997
  n_alphas: 144
  max_iter: 13006
  tol: 2.2446369681599647e-08
seed: 1024
cv_n_splits: 5
cv_n_repeats: 10
preprocessing_config:
  eps: 1.0e-06
  min_speed: 0.01
  max_hours: 9999.0
