model_type: gbsa
model_params:
  loss: coxph
  n_estimators: 444
  learning_rate: 0.12419104802738568
  subsample: 0.802069304188785
  max_depth: 2
  max_features: 1.0
  max_leaf_nodes: 31
  min_samples_split: 9
  min_samples_leaf: 15
  min_weight_fraction_leaf: 0.0
  min_impurity_decrease: 0.03876454513136633
  criterion: friedman_mse
  ccp_alpha: 1.8720816659094888e-06
  dropout_rate: 0.010079983695148802
  validation_fraction: 0.19419150360157028
  n_iter_no_change: 20
  tol: 0.0011833495019527068
  random_state: 2023
  warm_start: false
  verbose: 0
seed: 2023
cv_n_splits: 5
cv_n_repeats: 10
preprocessing_config:
  eps: 1.0e-06
  min_speed: 0.01
  max_hours: 9999.0
