model_type: gbsa
model_params:
  loss: coxph
  n_estimators: 490
  learning_rate: 0.06901090864534687
  subsample: 0.5983850671646096
  max_depth: 4
  max_features: log2
  max_leaf_nodes: 31
  min_samples_split: 19
  min_samples_leaf: 18
  min_weight_fraction_leaf: 0.0
  min_impurity_decrease: 0.007832759606850863
  criterion: friedman_mse
  ccp_alpha: 1.8926200191041183e-06
  dropout_rate: 0.08533572807134589
  validation_fraction: 0.27651530014306447
  n_iter_no_change: 5
  tol: 0.001692086511241754
  random_state: 2023
  warm_start: false
  verbose: 0
seed: 2023
cv_n_splits: 5
cv_n_repeats: 10
preprocessing_config:
  eps: 1.0e-06
  min_speed: 0.01
  max_hours: 9999.0
