model_type: coxnet
model_params:
  l1_ratio: 0.8941184720468085
  alpha_min_ratio: 0.0018352246892146733
  n_alphas: 273
  max_iter: 15502
  tol: 5.911015963485828e-08
seed: 777
cv_n_splits: 5
cv_n_repeats: 10
preprocessing_config:
  eps: 1.0e-06
  min_speed: 0.01
  max_hours: 9999.0
