model_type: coxnet
model_params:
  l1_ratio: 0.959896779098389
  alpha_min_ratio: 0.09722442142690658
  n_alphas: 145
  max_iter: 16599
  tol: 7.240004492924953e-08
seed: 2023
cv_n_splits: 5
cv_n_repeats: 10
preprocessing_config:
  eps: 1.0e-06
  min_speed: 0.01
  max_hours: 9999.0
