model_type: gbsa
model_params:
  loss: coxph
  n_estimators: 106
  learning_rate: 0.04769342756447243
  subsample: 0.784209361315623
  max_depth: 4
  max_features: 0.7
  max_leaf_nodes: 31
  min_samples_split: 14
  min_samples_leaf: 16
  min_weight_fraction_leaf: 0.0
  min_impurity_decrease: 0.0158516827664688
  criterion: friedman_mse
  ccp_alpha: 2.307281684575472e-08
  dropout_rate: 0.28805879971485093
  validation_fraction: 0.21507522162027862
  n_iter_no_change: 5
  tol: 0.001949543055847058
  random_state: 2023
  warm_start: false
  verbose: 0
seed: 2023
cv_n_splits: 5
cv_n_repeats: 10
preprocessing_config:
  eps: 1.0e-06
  min_speed: 0.01
  max_hours: 9999.0
