model_type: coxnet
model_params:
  l1_ratio: 0.9888986298294412
  alpha_min_ratio: 0.037061223139797955
  n_alphas: 68
  max_iter: 9573
  tol: 6.725589382195803e-06
seed: 777
cv_n_splits: 5
cv_n_repeats: 10
preprocessing_config:
  eps: 1.0e-06
  min_speed: 0.01
  max_hours: 9999.0
