model_type: coxnet
model_params:
  l1_ratio: 0.6850737628697265
  alpha_min_ratio: 0.000993687184277073
  n_alphas: 165
  max_iter: 5027
  tol: 3.3383132260510936e-05
seed: 42
cv_n_splits: 5
cv_n_repeats: 10
preprocessing_config:
  eps: 1.0e-06
  min_speed: 0.01
  max_hours: 9999.0
