model_type: coxnet
model_params:
  l1_ratio: 0.8965388657493768
  alpha_min_ratio: 0.019879163172931185
  n_alphas: 297
  max_iter: 18670
  tol: 5.3761839898468295e-05
seed: 42
cv_n_splits: 5
cv_n_repeats: 10
preprocessing_config:
  eps: 1.0e-06
  min_speed: 0.01
  max_hours: 9999.0
