model_type: coxnet
model_params:
  l1_ratio: 0.32198830399196776
  alpha_min_ratio: 0.04691020764938491
  n_alphas: 197
  max_iter: 3405
  tol: 3.675910174406317e-08
seed: 2023
cv_n_splits: 5
cv_n_repeats: 10
preprocessing_config:
  eps: 1.0e-06
  min_speed: 0.01
  max_hours: 9999.0
