model_type: coxnet
model_params:
  l1_ratio: 0.8233404125167727
  alpha_min_ratio: 0.012540518235865734
  n_alphas: 181
  max_iter: 11877
  tol: 4.3227557424387e-06
seed: 2023
cv_n_splits: 5
cv_n_repeats: 10
preprocessing_config:
  eps: 1.0e-06
  min_speed: 0.01
  max_hours: 9999.0
