model_type: coxnet
model_params:
  l1_ratio: 0.8910789684217737
  alpha_min_ratio: 0.03153959497483971
  n_alphas: 255
  max_iter: 19055
  tol: 4.685163313280395e-05
seed: 42
cv_n_splits: 5
cv_n_repeats: 10
preprocessing_config:
  eps: 1.0e-06
  min_speed: 0.01
  max_hours: 9999.0
