model_type: coxnet
model_params:
  l1_ratio: 0.8713880210225017
  alpha_min_ratio: 0.016281032135161386
  n_alphas: 119
  max_iter: 18152
  tol: 3.2227251972919074e-05
seed: 1024
cv_n_splits: 5
cv_n_repeats: 10
preprocessing_config:
  eps: 1.0e-06
  min_speed: 0.01
  max_hours: 9999.0
