model_type: coxnet
model_params:
  l1_ratio: 0.7912276808108292
  alpha_min_ratio: 0.06436731845514117
  n_alphas: 248
  max_iter: 15225
  tol: 1.3466482366716941e-05
seed: 42
cv_n_splits: 5
cv_n_repeats: 10
preprocessing_config:
  eps: 1.0e-06
  min_speed: 0.01
  max_hours: 9999.0
