model_type: coxnet
model_params:
  l1_ratio: 0.016284830697026853
  alpha_min_ratio: 0.011629474570326172
  n_alphas: 207
  max_iter: 7633
  tol: 6.64614336655252e-07
seed: 777
cv_n_splits: 5
cv_n_repeats: 10
preprocessing_config:
  eps: 1.0e-06
  min_speed: 0.01
  max_hours: 9999.0
