model_type: coxnet
model_params:
  l1_ratio: 0.995913408064484
  alpha_min_ratio: 0.05243384168088146
  n_alphas: 107
  max_iter: 1637
  tol: 5.080967030834118e-07
seed: 42
cv_n_splits: 5
cv_n_repeats: 10
preprocessing_config:
  eps: 1.0e-06
  min_speed: 0.01
  max_hours: 9999.0
