model_type: coxnet
model_params:
  l1_ratio: 0.9355491526685353
  alpha_min_ratio: 0.05567365948172329
  n_alphas: 300
  max_iter: 18089
  tol: 7.17379198217697e-07
seed: 42
cv_n_splits: 5
cv_n_repeats: 10
preprocessing_config:
  eps: 1.0e-06
  min_speed: 0.01
  max_hours: 9999.0
