model_type: coxnet
model_params:
  l1_ratio: 0.7914988675355423
  alpha_min_ratio: 0.07187484138000379
  n_alphas: 280
  max_iter: 12363
  tol: 2.676849479946074e-06
seed: 42
cv_n_splits: 5
cv_n_repeats: 10
preprocessing_config:
  eps: 1.0e-06
  min_speed: 0.01
  max_hours: 9999.0
