model_type: coxnet
model_params:
  l1_ratio: 0.7946445851751223
  alpha_min_ratio: 0.04579889922814036
  n_alphas: 153
  max_iter: 17758
  tol: 1.3825318524931656e-08
seed: 2023
cv_n_splits: 5
cv_n_repeats: 10
preprocessing_config:
  eps: 1.0e-06
  min_speed: 0.01
  max_hours: 9999.0
