model_type: coxnet
model_params:
  l1_ratio: 0.7503563439974754
  alpha_min_ratio: 0.000208219950461042
  n_alphas: 170
  max_iter: 100
  tol: 1.786052314705435e-06
seed: 42
cv_n_splits: 5
cv_n_repeats: 10
preprocessing_config:
  eps: 1.0e-06
  min_speed: 0.01
  max_hours: 9999.0
