model_type: gbsa
model_params:
  loss: coxph
  n_estimators: 293
  learning_rate: 0.07323488574743689
  subsample: 0.5810948008184863
  max_depth: 4
  max_features: 0.5
  max_leaf_nodes: 16
  min_samples_split: 16
  min_samples_leaf: 19
  min_weight_fraction_leaf: 0.0
  min_impurity_decrease: 0.009833754058145142
  criterion: friedman_mse
  ccp_alpha: 0.000164162913920277
  dropout_rate: 0.05569821127384297
  validation_fraction: 0.12760258518989176
  n_iter_no_change: null
  tol: 0.0016942033813244484
  random_state: 2023
  warm_start: false
  verbose: 0
seed: 2023
cv_n_splits: 5
cv_n_repeats: 10
preprocessing_config:
  eps: 1.0e-06
  min_speed: 0.01
  max_hours: 9999.0
