model_type: coxnet
model_params:
  l1_ratio: 0.836686678412033
  alpha_min_ratio: 0.00032305368603018043
  n_alphas: 184
  max_iter: 5499
  tol: 3.05086416899901e-05
seed: 777
cv_n_splits: 5
cv_n_repeats: 10
preprocessing_config:
  eps: 1.0e-06
  min_speed: 0.01
  max_hours: 9999.0
