model_type: gbsa
model_params:
  loss: coxph
  n_estimators: 290
  learning_rate: 0.13124335113262406
  subsample: 0.7082213476555321
  max_depth: 4
  max_features: 0.3
  max_leaf_nodes: 16
  min_samples_split: 18
  min_samples_leaf: 3
  min_weight_fraction_leaf: 0.0
  min_impurity_decrease: 0.03683822614908436
  criterion: friedman_mse
  ccp_alpha: 0.01681789575059482
  dropout_rate: 0.1407989008554782
  validation_fraction: 0.1359756886670055
  n_iter_no_change: null
  tol: 0.00024561276394294496
  random_state: 1024
  warm_start: false
  verbose: 0
seed: 1024
cv_n_splits: 5
cv_n_repeats: 10
preprocessing_config:
  eps: 1.0e-06
  min_speed: 0.01
  max_hours: 9999.0
