model_type: coxnet
model_params:
  l1_ratio: 0.8182254393036993
  alpha_min_ratio: 0.052212781666360245
  n_alphas: 248
  max_iter: 15822
  tol: 1.9099160002721562e-08
seed: 2023
cv_n_splits: 5
cv_n_repeats: 10
preprocessing_config:
  eps: 1.0e-06
  min_speed: 0.01
  max_hours: 9999.0
