model_type: gbsa
model_params:
  loss: coxph
  n_estimators: 252
  learning_rate: 0.01737695186271445
  subsample: 0.6747081485208443
  max_depth: 1
  max_features: 1.0
  max_leaf_nodes: 16
  min_samples_split: 15
  min_samples_leaf: 10
  min_weight_fraction_leaf: 0.0
  min_impurity_decrease: 0.036612013473357144
  criterion: friedman_mse
  ccp_alpha: 2.3635152333904276e-05
  dropout_rate: 0.047004889231175115
  validation_fraction: 0.1945917720511364
  n_iter_no_change: 20
  tol: 0.0004727860287101066
  random_state: 1024
  warm_start: false
  verbose: 0
seed: 1024
cv_n_splits: 5
cv_n_repeats: 10
preprocessing_config:
  eps: 1.0e-06
  min_speed: 0.01
  max_hours: 9999.0
