model_type: coxnet
model_params:
  l1_ratio: 0.83746443503414
  alpha_min_ratio: 0.057733538177241805
  n_alphas: 170
  max_iter: 15680
  tol: 2.5749308956247874e-05
seed: 777
cv_n_splits: 5
cv_n_repeats: 10
preprocessing_config:
  eps: 1.0e-06
  min_speed: 0.01
  max_hours: 9999.0
