model_type: coxnet
model_params:
  l1_ratio: 0.9126039937973308
  alpha_min_ratio: 0.0818336277332704
  n_alphas: 92
  max_iter: 17218
  tol: 1.7132436022829562e-07
seed: 2023
cv_n_splits: 5
cv_n_repeats: 10
preprocessing_config:
  eps: 1.0e-06
  min_speed: 0.01
  max_hours: 9999.0
