model_type: coxnet
model_params:
  l1_ratio: 0.9776828587764171
  alpha_min_ratio: 0.09046338926639827
  n_alphas: 82
  max_iter: 16493
  tol: 1.6385033300997918e-07
seed: 1024
cv_n_splits: 5
cv_n_repeats: 10
preprocessing_config:
  eps: 1.0e-06
  min_speed: 0.01
  max_hours: 9999.0
