model_type: gbsa
model_params:
  loss: coxph
  n_estimators: 285
  learning_rate: 0.01911133845065114
  subsample: 0.6914115171483379
  max_depth: 6
  max_features: sqrt
  max_leaf_nodes: 31
  min_samples_split: 8
  min_samples_leaf: 5
  min_weight_fraction_leaf: 0.0
  min_impurity_decrease: 0.020867505694427753
  criterion: friedman_mse
  ccp_alpha: 0.0008063214553928802
  dropout_rate: 0.0008168720897030711
  validation_fraction: 0.22281103496614896
  n_iter_no_change: null
  tol: 7.666151601218784e-05
  random_state: 42
  warm_start: false
  verbose: 0
seed: 42
cv_n_splits: 5
cv_n_repeats: 10
preprocessing_config:
  eps: 1.0e-06
  min_speed: 0.01
  max_hours: 9999.0
