model_type: coxnet
model_params:
  l1_ratio: 0.9851958809440908
  alpha_min_ratio: 0.081871480063751
  n_alphas: 122
  max_iter: 16096
  tol: 4.047378085489028e-07
seed: 777
cv_n_splits: 5
cv_n_repeats: 10
preprocessing_config:
  eps: 1.0e-06
  min_speed: 0.01
  max_hours: 9999.0
