model_type: coxnet
model_params:
  l1_ratio: 0.12203823484477883
  alpha_min_ratio: 0.0030586566669785274
  n_alphas: 58
  max_iter: 18277
  tol: 1.0842262717330165e-07
seed: 42
cv_n_splits: 5
cv_n_repeats: 10
preprocessing_config:
  eps: 1.0e-06
  min_speed: 0.01
  max_hours: 9999.0
