model_type: coxnet
model_params:
  l1_ratio: 0.950953579263228
  alpha_min_ratio: 0.07985503459043422
  n_alphas: 201
  max_iter: 14009
  tol: 5.6212180403854085e-08
seed: 2023
cv_n_splits: 5
cv_n_repeats: 10
preprocessing_config:
  eps: 1.0e-06
  min_speed: 0.01
  max_hours: 9999.0
