model_type: coxnet
model_params:
  l1_ratio: 0.854317811082775
  alpha_min_ratio: 0.013558505288159902
  n_alphas: 247
  max_iter: 15985
  tol: 8.1684317302175e-06
seed: 2023
cv_n_splits: 5
cv_n_repeats: 10
preprocessing_config:
  eps: 1.0e-06
  min_speed: 0.01
  max_hours: 9999.0
