model_type: coxnet
model_params:
  l1_ratio: 0.95520733910849
  alpha_min_ratio: 0.07469132991141204
  n_alphas: 272
  max_iter: 1803
  tol: 1.5849077257338266e-05
seed: 42
cv_n_splits: 5
cv_n_repeats: 10
preprocessing_config:
  eps: 1.0e-06
  min_speed: 0.01
  max_hours: 9999.0
