model_type: coxnet
model_params:
  l1_ratio: 0.8309694505047884
  alpha_min_ratio: 0.08940484602627487
  n_alphas: 208
  max_iter: 17335
  tol: 3.438733657787154e-06
seed: 2023
cv_n_splits: 5
cv_n_repeats: 10
preprocessing_config:
  eps: 1.0e-06
  min_speed: 0.01
  max_hours: 9999.0
