model_type: coxnet
model_params:
  l1_ratio: 0.824199549807732
  alpha_min_ratio: 0.0149709674729831
  n_alphas: 186
  max_iter: 573
  tol: 1.8702444703589197e-06
seed: 42
cv_n_splits: 5
cv_n_repeats: 10
preprocessing_config:
  eps: 1.0e-06
  min_speed: 0.01
  max_hours: 9999.0
