model_type: gbsa
model_params:
  loss: coxph
  n_estimators: 296
  learning_rate: 0.05334859671453099
  subsample: 0.5803160145044675
  max_depth: 5
  max_features: null
  max_leaf_nodes: null
  min_samples_split: 11
  min_samples_leaf: 13
  min_weight_fraction_leaf: 0.0
  min_impurity_decrease: 0.015447268154232712
  criterion: friedman_mse
  ccp_alpha: 4.4788391733809763e-07
  dropout_rate: 0.06838305059897157
  validation_fraction: 0.2325406151266854
  n_iter_no_change: null
  tol: 0.001188639503953297
  random_state: 2023
  warm_start: false
  verbose: 0
seed: 2023
cv_n_splits: 5
cv_n_repeats: 10
preprocessing_config:
  eps: 1.0e-06
  min_speed: 0.01
  max_hours: 9999.0
