model_type: coxnet
model_params:
  l1_ratio: 0.8881567937846556
  alpha_min_ratio: 0.024170515293429586
  n_alphas: 298
  max_iter: 1236
  tol: 3.3082873023671228e-06
seed: 42
cv_n_splits: 5
cv_n_repeats: 10
preprocessing_config:
  eps: 1.0e-06
  min_speed: 0.01
  max_hours: 9999.0
