model_type: gbsa
model_params:
  loss: coxph
  n_estimators: 190
  learning_rate: 0.1866827177749506
  subsample: 0.5783760347358121
  max_depth: 2
  max_features: sqrt
  max_leaf_nodes: 63
  min_samples_split: 11
  min_samples_leaf: 14
  min_weight_fraction_leaf: 0.0
  min_impurity_decrease: 0.02508167265234086
  criterion: friedman_mse
  ccp_alpha: 0.0029949560834692302
  dropout_rate: 0.020813521960633158
  validation_fraction: 0.10644289158979835
  n_iter_no_change: null
  tol: 4.792182621503748e-05
  random_state: 777
  warm_start: false
  verbose: 0
seed: 777
cv_n_splits: 5
cv_n_repeats: 10
preprocessing_config:
  eps: 1.0e-06
  min_speed: 0.01
  max_hours: 9999.0
