model_type: gbsa
model_params:
  loss: coxph
  n_estimators: 151
  learning_rate: 0.13167149274326156
  subsample: 0.716139692726894
  max_depth: 2
  max_features: 1.0
  max_leaf_nodes: 16
  min_samples_split: 9
  min_samples_leaf: 20
  min_weight_fraction_leaf: 0.0
  min_impurity_decrease: 0.0014769672825508083
  criterion: friedman_mse
  ccp_alpha: 1.783350965811821e-07
  dropout_rate: 0.13528008094388938
  validation_fraction: 0.16230374305645068
  n_iter_no_change: null
  tol: 0.00021526459829635086
  random_state: 2023
  warm_start: false
  verbose: 0
seed: 2023
cv_n_splits: 5
cv_n_repeats: 10
preprocessing_config:
  eps: 1.0e-06
  min_speed: 0.01
  max_hours: 9999.0
