model_type: gbsa
model_params:
  loss: coxph
  n_estimators: 249
  learning_rate: 0.09042826610628055
  subsample: 0.8896158907304712
  max_depth: 3
  max_features: log2
  max_leaf_nodes: null
  min_samples_split: 20
  min_samples_leaf: 10
  min_weight_fraction_leaf: 0.0
  min_impurity_decrease: 0.046526252443128524
  criterion: friedman_mse
  ccp_alpha: 0.0030825803138875654
  dropout_rate: 0.09307315694335859
  validation_fraction: 0.1627823637555227
  n_iter_no_change: 20
  tol: 0.00021891849333575064
  random_state: 1024
  warm_start: false
  verbose: 0
seed: 1024
cv_n_splits: 5
cv_n_repeats: 10
preprocessing_config:
  eps: 1.0e-06
  min_speed: 0.01
  max_hours: 9999.0
