model_type: gbsa
model_params:
  loss: coxph
  n_estimators: 451
  learning_rate: 0.1843412035636089
  subsample: 0.5121374031486536
  max_depth: 3
  max_features: log2
  max_leaf_nodes: 31
  min_samples_split: 10
  min_samples_leaf: 10
  min_weight_fraction_leaf: 0.0
  min_impurity_decrease: 0.022803925322426484
  criterion: friedman_mse
  ccp_alpha: 4.495826165075054e-07
  dropout_rate: 0.16243363446615894
  validation_fraction: 0.2717443349227914
  n_iter_no_change: null
  tol: 0.0031866962836098267
  random_state: 2023
  warm_start: false
  verbose: 0
seed: 2023
cv_n_splits: 5
cv_n_repeats: 10
preprocessing_config:
  eps: 1.0e-06
  min_speed: 0.01
  max_hours: 9999.0
