model_type: coxnet
model_params:
  l1_ratio: 0.3137929589729734
  alpha_min_ratio: 0.00043038719410182544
  n_alphas: 299
  max_iter: 4588
  tol: 8.907671836379314e-08
seed: 1024
cv_n_splits: 5
cv_n_repeats: 10
preprocessing_config:
  eps: 1.0e-06
  min_speed: 0.01
  max_hours: 9999.0
