model_type: coxnet
model_params:
  l1_ratio: 0.9640690017704255
  alpha_min_ratio: 0.022312814960630124
  n_alphas: 256
  max_iter: 16038
  tol: 1.123432860777539e-06
seed: 42
cv_n_splits: 5
cv_n_repeats: 10
preprocessing_config:
  eps: 1.0e-06
  min_speed: 0.01
  max_hours: 9999.0
