model_type: coxnet
model_params:
  l1_ratio: 0.850547707726378
  alpha_min_ratio: 0.09741883800779068
  n_alphas: 109
  max_iter: 13272
  tol: 3.5719567354087455e-08
seed: 1024
cv_n_splits: 5
cv_n_repeats: 10
preprocessing_config:
  eps: 1.0e-06
  min_speed: 0.01
  max_hours: 9999.0
