model_type: gbsa
model_params:
  loss: coxph
  n_estimators: 489
  learning_rate: 0.041652797279189316
  subsample: 0.580520754361202
  max_depth: 4
  max_features: 1.0
  max_leaf_nodes: 8
  min_samples_split: 4
  min_samples_leaf: 10
  min_weight_fraction_leaf: 0.0
  min_impurity_decrease: 0.04100117361171392
  criterion: friedman_mse
  ccp_alpha: 0.0990574170123571
  dropout_rate: 0.09104777030565106
  validation_fraction: 0.24725046494461067
  n_iter_no_change: null
  tol: 2.945525333753797e-05
  random_state: 777
  warm_start: false
  verbose: 0
seed: 777
cv_n_splits: 5
cv_n_repeats: 10
preprocessing_config:
  eps: 1.0e-06
  min_speed: 0.01
  max_hours: 9999.0
