model_type: gbsa
model_params:
  loss: coxph
  n_estimators: 395
  learning_rate: 0.1296028816255044
  subsample: 0.9271355079212104
  max_depth: 1
  max_features: 0.3
  max_leaf_nodes: 16
  min_samples_split: 15
  min_samples_leaf: 2
  min_weight_fraction_leaf: 0.0
  min_impurity_decrease: 0.004485174341862155
  criterion: friedman_mse
  ccp_alpha: 0.000165712369637537
  dropout_rate: 0.02255953832233299
  validation_fraction: 0.2590547228511433
  n_iter_no_change: 5
  tol: 0.0067272229760765665
  random_state: 1024
  warm_start: false
  verbose: 0
seed: 1024
cv_n_splits: 5
cv_n_repeats: 10
preprocessing_config:
  eps: 1.0e-06
  min_speed: 0.01
  max_hours: 9999.0
