model_type: coxnet
model_params:
  l1_ratio: 0.9619341391176317
  alpha_min_ratio: 0.09704585298025853
  n_alphas: 207
  max_iter: 17963
  tol: 5.346247753618176e-06
seed: 1024
cv_n_splits: 5
cv_n_repeats: 10
preprocessing_config:
  eps: 1.0e-06
  min_speed: 0.01
  max_hours: 9999.0
