model_type: gbsa
model_params:
  loss: coxph
  n_estimators: 470
  learning_rate: 0.12842585973197565
  subsample: 0.9214821650798148
  max_depth: 4
  max_features: sqrt
  max_leaf_nodes: 63
  min_samples_split: 18
  min_samples_leaf: 2
  min_weight_fraction_leaf: 0.0
  min_impurity_decrease: 0.01749783829245607
  criterion: friedman_mse
  ccp_alpha: 6.4120194762150436e-06
  dropout_rate: 0.12258173930056217
  validation_fraction: 0.2391221281846567
  n_iter_no_change: null
  tol: 0.0015117552553229022
  random_state: 1024
  warm_start: false
  verbose: 0
seed: 1024
cv_n_splits: 5
cv_n_repeats: 10
preprocessing_config:
  eps: 1.0e-06
  min_speed: 0.01
  max_hours: 9999.0
