model_type: gbsa
model_params:
  loss: coxph
  n_estimators: 449
  learning_rate: 0.02761038971745949
  subsample: 0.6967317867224708
  max_depth: 4
  max_features: 1.0
  max_leaf_nodes: 31
  min_samples_split: 7
  min_samples_leaf: 20
  min_weight_fraction_leaf: 0.0
  min_impurity_decrease: 0.02371883545256127
  criterion: friedman_mse
  ccp_alpha: 3.374582742637481e-06
  dropout_rate: 0.04060050392114496
  validation_fraction: 0.2835166790916523
  n_iter_no_change: null
  tol: 0.0011011558207558868
  random_state: 2023
  warm_start: false
  verbose: 0
seed: 2023
cv_n_splits: 5
cv_n_repeats: 10
preprocessing_config:
  eps: 1.0e-06
  min_speed: 0.01
  max_hours: 9999.0
