model_type: coxnet
model_params:
  l1_ratio: 0.000617614131270483
  alpha_min_ratio: 0.03677475974132771
  n_alphas: 253
  max_iter: 15843
  tol: 3.3397810280606594e-06
seed: 2023
cv_n_splits: 5
cv_n_repeats: 10
preprocessing_config:
  eps: 1.0e-06
  min_speed: 0.01
  max_hours: 9999.0
