model_type: gbsa
model_params:
  loss: coxph
  n_estimators: 227
  learning_rate: 0.04801394291403734
  subsample: 0.8417028883517338
  max_depth: 4
  max_features: 0.3
  max_leaf_nodes: 16
  min_samples_split: 11
  min_samples_leaf: 2
  min_weight_fraction_leaf: 0.0
  min_impurity_decrease: 0.03916140311103032
  criterion: friedman_mse
  ccp_alpha: 0.0002128884989132552
  dropout_rate: 0.012507640010165003
  validation_fraction: 0.17735398735793484
  n_iter_no_change: null
  tol: 0.0016563744442754163
  random_state: 1024
  warm_start: false
  verbose: 0
seed: 1024
cv_n_splits: 5
cv_n_repeats: 10
preprocessing_config:
  eps: 1.0e-06
  min_speed: 0.01
  max_hours: 9999.0
