model_type: coxnet
model_params:
  l1_ratio: 0.14217503494449074
  alpha_min_ratio: 0.000532758119756905
  n_alphas: 195
  max_iter: 18808
  tol: 1.0721356772622966e-07
seed: 1024
cv_n_splits: 5
cv_n_repeats: 10
preprocessing_config:
  eps: 1.0e-06
  min_speed: 0.01
  max_hours: 9999.0
