model_type: coxnet
model_params:
  l1_ratio: 0.7887306054858918
  alpha_min_ratio: 0.06369031245702529
  n_alphas: 112
  max_iter: 18662
  tol: 4.5526903751423376e-08
seed: 2023
cv_n_splits: 5
cv_n_repeats: 10
preprocessing_config:
  eps: 1.0e-06
  min_speed: 0.01
  max_hours: 9999.0
