model_type: coxnet
model_params:
  l1_ratio: 0.43986667693893905
  alpha_min_ratio: 0.002011398664638498
  n_alphas: 120
  max_iter: 10963
  tol: 5.457857053854987e-07
seed: 2023
cv_n_splits: 5
cv_n_repeats: 10
preprocessing_config:
  eps: 1.0e-06
  min_speed: 0.01
  max_hours: 9999.0
