model_type: coxnet
model_params:
  l1_ratio: 0.7918431652071507
  alpha_min_ratio: 0.020460419103010146
  n_alphas: 98
  max_iter: 16202
  tol: 1.4626895058401162e-08
seed: 2023
cv_n_splits: 5
cv_n_repeats: 10
preprocessing_config:
  eps: 1.0e-06
  min_speed: 0.01
  max_hours: 9999.0
