model_type: coxnet
model_params:
  l1_ratio: 0.9944684633119031
  alpha_min_ratio: 0.039517150997694775
  n_alphas: 137
  max_iter: 8404
  tol: 8.21351748990801e-06
seed: 777
cv_n_splits: 5
cv_n_repeats: 10
preprocessing_config:
  eps: 1.0e-06
  min_speed: 0.01
  max_hours: 9999.0
