model_type: coxnet
model_params:
  l1_ratio: 0.9829331612017773
  alpha_min_ratio: 0.0595143963512497
  n_alphas: 102
  max_iter: 868
  tol: 1.2477123416151404e-06
seed: 42
cv_n_splits: 5
cv_n_repeats: 10
preprocessing_config:
  eps: 1.0e-06
  min_speed: 0.01
  max_hours: 9999.0
