model_type: coxnet
model_params:
  l1_ratio: 0.9920245827122918
  alpha_min_ratio: 0.06651100134388305
  n_alphas: 200
  max_iter: 7620
  tol: 1.4094547631366464e-07
seed: 2023
cv_n_splits: 5
cv_n_repeats: 10
preprocessing_config:
  eps: 1.0e-06
  min_speed: 0.01
  max_hours: 9999.0
