model_type: coxnet
model_params:
  l1_ratio: 0.32513337620197597
  alpha_min_ratio: 0.08702383272782968
  n_alphas: 299
  max_iter: 10111
  tol: 3.008450297131467e-08
seed: 2023
cv_n_splits: 5
cv_n_repeats: 10
preprocessing_config:
  eps: 1.0e-06
  min_speed: 0.01
  max_hours: 9999.0
