model_type: coxnet
model_params:
  l1_ratio: 0.8384054549847113
  alpha_min_ratio: 0.02913494821117346
  n_alphas: 75
  max_iter: 15557
  tol: 2.536058889126673e-08
seed: 1024
cv_n_splits: 5
cv_n_repeats: 10
preprocessing_config:
  eps: 1.0e-06
  min_speed: 0.01
  max_hours: 9999.0
