model_type: coxnet
model_params:
  l1_ratio: 0.9599271046856995
  alpha_min_ratio: 0.008695292044053534
  n_alphas: 224
  max_iter: 16637
  tol: 1.4335488276732755e-08
seed: 2023
cv_n_splits: 5
cv_n_repeats: 10
preprocessing_config:
  eps: 1.0e-06
  min_speed: 0.01
  max_hours: 9999.0
