model_type: gbsa
model_params:
  loss: coxph
  n_estimators: 476
  learning_rate: 0.06807043875911005
  subsample: 0.508337447382745
  max_depth: 3
  max_features: 1.0
  max_leaf_nodes: 16
  min_samples_split: 13
  min_samples_leaf: 12
  min_weight_fraction_leaf: 0.0
  min_impurity_decrease: 0.007954806064542966
  criterion: friedman_mse
  ccp_alpha: 0.0028005292130800245
  dropout_rate: 0.11015515899548212
  validation_fraction: 0.14620842298446393
  n_iter_no_change: null
  tol: 0.00018479400585250734
  random_state: 2023
  warm_start: false
  verbose: 0
seed: 2023
cv_n_splits: 5
cv_n_repeats: 10
preprocessing_config:
  eps: 1.0e-06
  min_speed: 0.01
  max_hours: 9999.0
