model_type: gbsa
model_params:
  loss: coxph
  n_estimators: 277
  learning_rate: 0.09593778245175581
  subsample: 0.8630084796930573
  max_depth: 1
  max_features: log2
  max_leaf_nodes: 16
  min_samples_split: 12
  min_samples_leaf: 11
  min_weight_fraction_leaf: 0.0
  min_impurity_decrease: 0.041053776559952015
  criterion: friedman_mse
  ccp_alpha: 0.0041121540578372365
  dropout_rate: 0.06746653233999715
  validation_fraction: 0.24562679588075206
  n_iter_no_change: 10
  tol: 0.0007297163706619669
  random_state: 777
  warm_start: false
  verbose: 0
seed: 777
cv_n_splits: 5
cv_n_repeats: 10
preprocessing_config:
  eps: 1.0e-06
  min_speed: 0.01
  max_hours: 9999.0
