model_type: gbsa
model_params:
  loss: coxph
  n_estimators: 370
  learning_rate: 0.046319001728341885
  subsample: 0.6195510221160506
  max_depth: 3
  max_features: 1.0
  max_leaf_nodes: null
  min_samples_split: 17
  min_samples_leaf: 7
  min_weight_fraction_leaf: 0.0
  min_impurity_decrease: 0.03078813136123366
  criterion: friedman_mse
  ccp_alpha: 0.006923891422344094
  dropout_rate: 0.11016328491576322
  validation_fraction: 0.259261776062371
  n_iter_no_change: null
  tol: 6.297167762761135e-05
  random_state: 777
  warm_start: false
  verbose: 0
seed: 777
cv_n_splits: 5
cv_n_repeats: 10
preprocessing_config:
  eps: 1.0e-06
  min_speed: 0.01
  max_hours: 9999.0
