model_type: gbsa
model_params:
  loss: coxph
  n_estimators: 243
  learning_rate: 0.06198429672437336
  subsample: 0.5122685915222907
  max_depth: 5
  max_features: 0.3
  max_leaf_nodes: 63
  min_samples_split: 17
  min_samples_leaf: 15
  min_weight_fraction_leaf: 0.0
  min_impurity_decrease: 0.025617377380875
  criterion: friedman_mse
  ccp_alpha: 0.06906895116106324
  dropout_rate: 0.043019447290968925
  validation_fraction: 0.18755658563293395
  n_iter_no_change: 20
  tol: 0.0013929302137440514
  random_state: 2023
  warm_start: false
  verbose: 0
seed: 2023
cv_n_splits: 5
cv_n_repeats: 10
preprocessing_config:
  eps: 1.0e-06
  min_speed: 0.01
  max_hours: 9999.0
