model_type: gbsa
model_params:
  loss: coxph
  n_estimators: 463
  learning_rate: 0.04795086539476274
  subsample: 0.8618282612569571
  max_depth: 5
  max_features: 1.0
  max_leaf_nodes: 63
  min_samples_split: 14
  min_samples_leaf: 17
  min_weight_fraction_leaf: 0.0
  min_impurity_decrease: 0.015079799094799257
  criterion: friedman_mse
  ccp_alpha: 9.206717178587084e-07
  dropout_rate: 0.058711436408150006
  validation_fraction: 0.22091212445891215
  n_iter_no_change: null
  tol: 0.0001230275418507532
  random_state: 2023
  warm_start: false
  verbose: 0
seed: 2023
cv_n_splits: 5
cv_n_repeats: 10
preprocessing_config:
  eps: 1.0e-06
  min_speed: 0.01
  max_hours: 9999.0
