model_type: gbsa
model_params:
  loss: coxph
  n_estimators: 459
  learning_rate: 0.025298300789602414
  subsample: 0.6226039265967511
  max_depth: 5
  max_features: sqrt
  max_leaf_nodes: null
  min_samples_split: 9
  min_samples_leaf: 19
  min_weight_fraction_leaf: 0.0
  min_impurity_decrease: 0.03607528880243483
  criterion: friedman_mse
  ccp_alpha: 0.0001513215160402828
  dropout_rate: 0.03306721185870689
  validation_fraction: 0.14648059668786279
  n_iter_no_change: null
  tol: 1.2503772814816292e-05
  random_state: 42
  warm_start: false
  verbose: 0
seed: 42
cv_n_splits: 5
cv_n_repeats: 10
preprocessing_config:
  eps: 1.0e-06
  min_speed: 0.01
  max_hours: 9999.0
