model_type: coxnet
model_params:
  l1_ratio: 0.8382620683149572
  alpha_min_ratio: 0.08324215262594797
  n_alphas: 283
  max_iter: 19291
  tol: 1.0234039157379007e-05
seed: 42
cv_n_splits: 5
cv_n_repeats: 10
preprocessing_config:
  eps: 1.0e-06
  min_speed: 0.01
  max_hours: 9999.0
