model_type: gbsa
model_params:
  loss: coxph
  n_estimators: 345
  learning_rate: 0.14659132461101984
  subsample: 0.8978121684086547
  max_depth: 2
  max_features: 0.7
  max_leaf_nodes: 8
  min_samples_split: 18
  min_samples_leaf: 2
  min_weight_fraction_leaf: 0.0
  min_impurity_decrease: 0.01607681797812279
  criterion: friedman_mse
  ccp_alpha: 4.1503245113381454e-08
  dropout_rate: 0.06601468594911926
  validation_fraction: 0.16047788195843368
  n_iter_no_change: null
  tol: 2.1280625082129293e-05
  random_state: 2023
  warm_start: false
  verbose: 0
seed: 2023
cv_n_splits: 5
cv_n_repeats: 10
preprocessing_config:
  eps: 1.0e-06
  min_speed: 0.01
  max_hours: 9999.0
