seed: 42
cv_n_splits: 5
cv_n_repeats: 10
gbsa_config:
  loss: coxph
  n_estimators: 332
  learning_rate: 0.04261487614422128
  subsample: 0.7768516401293464
  max_depth: 5
  max_features: null
  max_leaf_nodes: null
  min_samples_split: 11
  min_samples_leaf: 10
  min_weight_fraction_leaf: 0.0
  min_impurity_decrease: 0.04665072320463322
  criterion: friedman_mse
  ccp_alpha: 5.668760813785136e-06
  dropout_rate: 0.0351144340001731
  validation_fraction: 0.17964017630260545
  n_iter_no_change: 5
  tol: 0.0005559028294177865
  random_state: 42
  warm_start: false
  verbose: 0
preprocessing_config:
  eps: 1.0e-06
  min_speed: 0.01
  max_hours: 9999.0
