model_type: gbsa
model_params:
  loss: coxph
  n_estimators: 395
  learning_rate: 0.16333960610077028
  subsample: 0.65545800725348
  max_depth: 5
  max_features: null
  max_leaf_nodes: 31
  min_samples_split: 13
  min_samples_leaf: 20
  min_weight_fraction_leaf: 0.0
  min_impurity_decrease: 0.03281751185930793
  criterion: friedman_mse
  ccp_alpha: 3.29986104115544e-06
  dropout_rate: 0.07296299729233723
  validation_fraction: 0.19226598586163818
  n_iter_no_change: 10
  tol: 0.00015433753313832336
  random_state: 2023
  warm_start: false
  verbose: 0
seed: 2023
cv_n_splits: 5
cv_n_repeats: 10
preprocessing_config:
  eps: 1.0e-06
  min_speed: 0.01
  max_hours: 9999.0
