model_type: coxnet
model_params:
  l1_ratio: 0.9573636479248867
  alpha_min_ratio: 0.08236219992822531
  n_alphas: 248
  max_iter: 1295
  tol: 6.566221916202888e-05
seed: 42
cv_n_splits: 5
cv_n_repeats: 10
preprocessing_config:
  eps: 1.0e-06
  min_speed: 0.01
  max_hours: 9999.0
