model_type: coxnet
model_params:
  l1_ratio: 0.032221492070761915
  alpha_min_ratio: 0.012780908833450021
  n_alphas: 171
  max_iter: 13079
  tol: 2.6797756594542604e-07
seed: 1024
cv_n_splits: 5
cv_n_repeats: 10
preprocessing_config:
  eps: 1.0e-06
  min_speed: 0.01
  max_hours: 9999.0
