model_type: coxnet
model_params:
  l1_ratio: 0.9926784538266852
  alpha_min_ratio: 0.05351948163292595
  n_alphas: 287
  max_iter: 15982
  tol: 2.1013258708800767e-06
seed: 42
cv_n_splits: 5
cv_n_repeats: 10
preprocessing_config:
  eps: 1.0e-06
  min_speed: 0.01
  max_hours: 9999.0
