model_type: coxnet
model_params:
  l1_ratio: 0.9108419352112372
  alpha_min_ratio: 0.04876419949970715
  n_alphas: 141
  max_iter: 19151
  tol: 7.88947073219891e-06
seed: 1024
cv_n_splits: 5
cv_n_repeats: 10
preprocessing_config:
  eps: 1.0e-06
  min_speed: 0.01
  max_hours: 9999.0
