model_type: coxnet
model_params:
  l1_ratio: 0.9378243737625362
  alpha_min_ratio: 0.09829664689656079
  n_alphas: 94
  max_iter: 13142
  tol: 1.1743811361441957e-08
seed: 777
cv_n_splits: 5
cv_n_repeats: 10
preprocessing_config:
  eps: 1.0e-06
  min_speed: 0.01
  max_hours: 9999.0
