model_type: gbsa
model_params:
  loss: coxph
  n_estimators: 246
  learning_rate: 0.14955651295129876
  subsample: 0.8199011440110895
  max_depth: 4
  max_features: 0.5
  max_leaf_nodes: 16
  min_samples_split: 14
  min_samples_leaf: 3
  min_weight_fraction_leaf: 0.0
  min_impurity_decrease: 0.03321175012994865
  criterion: friedman_mse
  ccp_alpha: 0.06311278770891464
  dropout_rate: 0.22048715404654243
  validation_fraction: 0.15078981239317785
  n_iter_no_change: 10
  tol: 1.147751471753229e-05
  random_state: 777
  warm_start: false
  verbose: 0
seed: 777
cv_n_splits: 5
cv_n_repeats: 10
preprocessing_config:
  eps: 1.0e-06
  min_speed: 0.01
  max_hours: 9999.0
