model_type: gbsa
model_params:
  loss: coxph
  n_estimators: 99
  learning_rate: 0.1259971232639665
  subsample: 0.6785029943981375
  max_depth: 3
  max_features: 0.7
  max_leaf_nodes: 31
  min_samples_split: 8
  min_samples_leaf: 13
  min_weight_fraction_leaf: 0.0
  min_impurity_decrease: 0.02098056749742106
  criterion: friedman_mse
  ccp_alpha: 4.3826526801693696e-08
  dropout_rate: 0.267426959382915
  validation_fraction: 0.16815284372951803
  n_iter_no_change: 10
  tol: 0.0031945003741468466
  random_state: 2023
  warm_start: false
  verbose: 0
seed: 2023
cv_n_splits: 5
cv_n_repeats: 10
preprocessing_config:
  eps: 1.0e-06
  min_speed: 0.01
  max_hours: 9999.0
