model_type: coxnet
model_params:
  l1_ratio: 0.9566608137310384
  alpha_min_ratio: 0.08484969259997428
  n_alphas: 293
  max_iter: 17000
  tol: 1.2066051406503961e-05
seed: 1024
cv_n_splits: 5
cv_n_repeats: 10
preprocessing_config:
  eps: 1.0e-06
  min_speed: 0.01
  max_hours: 9999.0
