model_type: gbsa
model_params:
  loss: coxph
  n_estimators: 274
  learning_rate: 0.16081800457053444
  subsample: 0.5807008032102889
  max_depth: 5
  max_features: 1.0
  max_leaf_nodes: 31
  min_samples_split: 10
  min_samples_leaf: 8
  min_weight_fraction_leaf: 0.0
  min_impurity_decrease: 0.0372822460572183
  criterion: friedman_mse
  ccp_alpha: 6.438644060967742e-07
  dropout_rate: 0.07175420410598614
  validation_fraction: 0.2826584322307688
  n_iter_no_change: 20
  tol: 0.00012621246084413673
  random_state: 777
  warm_start: false
  verbose: 0
seed: 777
cv_n_splits: 5
cv_n_repeats: 10
preprocessing_config:
  eps: 1.0e-06
  min_speed: 0.01
  max_hours: 9999.0
