seed: 42
cv_n_splits: 5
cv_n_repeats: 10
gbsa_config:
  loss: coxph
  n_estimators: 411
  learning_rate: 0.1821715417226284
  subsample: 0.5573964060076202
  max_depth: 5
  max_features: 1.0
  max_leaf_nodes: null
  min_samples_split: 7
  min_samples_leaf: 18
  min_weight_fraction_leaf: 0.0
  min_impurity_decrease: 0.026242158135537336
  criterion: friedman_mse
  ccp_alpha: 0.00047039001276931826
  dropout_rate: 0.09133164109537177
  validation_fraction: 0.1471053532726497
  n_iter_no_change: null
  tol: 2.0136871324672473e-05
  random_state: 42
  warm_start: false
  verbose: 0
preprocessing_config:
  eps: 1.0e-06
  min_speed: 0.01
  max_hours: 9999.0
