model_type: coxnet
model_params:
  l1_ratio: 0.9035803023870819
  alpha_min_ratio: 0.0400620318760353
  n_alphas: 287
  max_iter: 12236
  tol: 7.270264716386708e-08
seed: 2023
cv_n_splits: 5
cv_n_repeats: 10
preprocessing_config:
  eps: 1.0e-06
  min_speed: 0.01
  max_hours: 9999.0
