model_type: coxnet
model_params:
  l1_ratio: 0.8562331307856217
  alpha_min_ratio: 0.09297876355960245
  n_alphas: 259
  max_iter: 205
  tol: 9.947987723420945e-08
seed: 42
cv_n_splits: 5
cv_n_repeats: 10
preprocessing_config:
  eps: 1.0e-06
  min_speed: 0.01
  max_hours: 9999.0
