model_type: coxnet
model_params:
  l1_ratio: 0.9978391728329623
  alpha_min_ratio: 0.08683262405593578
  n_alphas: 280
  max_iter: 17281
  tol: 6.141859495382092e-05
seed: 1024
cv_n_splits: 5
cv_n_repeats: 10
preprocessing_config:
  eps: 1.0e-06
  min_speed: 0.01
  max_hours: 9999.0
