model_type: coxnet
model_params:
  l1_ratio: 0.295872694087422
  alpha_min_ratio: 0.0068559988776502444
  n_alphas: 232
  max_iter: 9806
  tol: 1.1924535446506582e-05
seed: 777
cv_n_splits: 5
cv_n_repeats: 10
preprocessing_config:
  eps: 1.0e-06
  min_speed: 0.01
  max_hours: 9999.0
