model_type: coxnet
model_params:
  l1_ratio: 0.9699631641900607
  alpha_min_ratio: 0.05228431493688473
  n_alphas: 285
  max_iter: 19770
  tol: 1.564791410611219e-06
seed: 42
cv_n_splits: 5
cv_n_repeats: 10
preprocessing_config:
  eps: 1.0e-06
  min_speed: 0.01
  max_hours: 9999.0
