seed: 42
cv_n_splits: 5
cv_n_repeats: 10
gbsa_config:
  loss: coxph
  n_estimators: 116
  learning_rate: 0.13148271475682305
  subsample: 0.7368862857301617
  max_depth: 6
  max_features: 0.7
  max_leaf_nodes: 8
  min_samples_split: 5
  min_samples_leaf: 13
  min_weight_fraction_leaf: 0.0
  min_impurity_decrease: 0.0022368822867971615
  criterion: friedman_mse
  ccp_alpha: 0.00014062569399914853
  dropout_rate: 0.09506704607481331
  validation_fraction: 0.2250860955065413
  n_iter_no_change: 10
  tol: 2.614435453757507e-05
  random_state: 42
  warm_start: false
  verbose: 0
preprocessing_config:
  eps: 1.0e-06
  min_speed: 0.01
  max_hours: 9999.0
