model_type: coxnet
model_params:
  l1_ratio: 0.8475288995345646
  alpha_min_ratio: 0.06790975081752823
  n_alphas: 195
  max_iter: 329
  tol: 1.8932771305581752e-06
seed: 42
cv_n_splits: 5
cv_n_repeats: 10
preprocessing_config:
  eps: 1.0e-06
  min_speed: 0.01
  max_hours: 9999.0
