model_type: gbsa
model_params:
  loss: coxph
  n_estimators: 218
  learning_rate: 0.1540359659501924
  subsample: 0.8659969709057025
  max_depth: 4
  max_features: 0.3
  max_leaf_nodes: null
  min_samples_split: 7
  min_samples_leaf: 11
  min_weight_fraction_leaf: 0.0
  min_impurity_decrease: 0.02159725093210579
  criterion: friedman_mse
  ccp_alpha: 1.092959278721938e-06
  dropout_rate: 0.30592644736118974
  validation_fraction: 0.12789877213040837
  n_iter_no_change: 20
  tol: 3.972110727381908e-05
  random_state: 42
  warm_start: false
  verbose: 0
seed: 42
cv_n_splits: 5
cv_n_repeats: 10
preprocessing_config:
  eps: 1.0e-06
  min_speed: 0.01
  max_hours: 9999.0
