model_type: coxnet
model_params:
  l1_ratio: 0.9620573578635216
  alpha_min_ratio: 0.04655391277394422
  n_alphas: 283
  max_iter: 8427
  tol: 4.751887049583752e-06
seed: 2023
cv_n_splits: 5
cv_n_repeats: 10
preprocessing_config:
  eps: 1.0e-06
  min_speed: 0.01
  max_hours: 9999.0
