model_type: gbsa
model_params:
  loss: coxph
  n_estimators: 347
  learning_rate: 0.07774681080314827
  subsample: 0.5265582637268834
  max_depth: 2
  max_features: null
  max_leaf_nodes: null
  min_samples_split: 14
  min_samples_leaf: 13
  min_weight_fraction_leaf: 0.0
  min_impurity_decrease: 0.008608476018845589
  criterion: friedman_mse
  ccp_alpha: 0.0002610223001846515
  dropout_rate: 0.029120465813236244
  validation_fraction: 0.21868953957111884
  n_iter_no_change: 10
  tol: 0.000111719416125226
  random_state: 2023
  warm_start: false
  verbose: 0
seed: 2023
cv_n_splits: 5
cv_n_repeats: 10
preprocessing_config:
  eps: 1.0e-06
  min_speed: 0.01
  max_hours: 9999.0
