model_type: gbsa
model_params:
  loss: coxph
  n_estimators: 433
  learning_rate: 0.08753583038549402
  subsample: 0.6627772563503149
  max_depth: 2
  max_features: 0.3
  max_leaf_nodes: 8
  min_samples_split: 16
  min_samples_leaf: 1
  min_weight_fraction_leaf: 0.0
  min_impurity_decrease: 0.0021986013486207604
  criterion: friedman_mse
  ccp_alpha: 2.616456041147561e-07
  dropout_rate: 0.06940253367363303
  validation_fraction: 0.2729570698710664
  n_iter_no_change: null
  tol: 0.009353826106289757
  random_state: 1024
  warm_start: false
  verbose: 0
seed: 1024
cv_n_splits: 5
cv_n_repeats: 10
preprocessing_config:
  eps: 1.0e-06
  min_speed: 0.01
  max_hours: 9999.0
