model_type: coxnet
model_params:
  l1_ratio: 0.6494158132129667
  alpha_min_ratio: 0.014725303831497843
  n_alphas: 295
  max_iter: 6774
  tol: 4.547747643435731e-05
seed: 2023
cv_n_splits: 5
cv_n_repeats: 10
preprocessing_config:
  eps: 1.0e-06
  min_speed: 0.01
  max_hours: 9999.0
