model_type: coxnet
model_params:
  l1_ratio: 0.9574845465827696
  alpha_min_ratio: 0.009302555228093295
  n_alphas: 55
  max_iter: 1072
  tol: 2.1043109328434506e-06
seed: 42
cv_n_splits: 5
cv_n_repeats: 10
preprocessing_config:
  eps: 1.0e-06
  min_speed: 0.01
  max_hours: 9999.0
