model_type: coxnet
model_params:
  l1_ratio: 0.9327671955660463
  alpha_min_ratio: 0.04196455675405006
  n_alphas: 123
  max_iter: 7140
  tol: 5.0632524156445246e-08
seed: 2023
cv_n_splits: 5
cv_n_repeats: 10
preprocessing_config:
  eps: 1.0e-06
  min_speed: 0.01
  max_hours: 9999.0
