model_type: gbsa
model_params:
  loss: coxph
  n_estimators: 219
  learning_rate: 0.18720799361174265
  subsample: 0.5827061914458863
  max_depth: 5
  max_features: 0.5
  max_leaf_nodes: 8
  min_samples_split: 13
  min_samples_leaf: 17
  min_weight_fraction_leaf: 0.0
  min_impurity_decrease: 0.042332754345742955
  criterion: friedman_mse
  ccp_alpha: 0.0005191503651866215
  dropout_rate: 0.038436072216814776
  validation_fraction: 0.18399104853934387
  n_iter_no_change: null
  tol: 4.137387826498371e-05
  random_state: 42
  warm_start: false
  verbose: 0
seed: 42
cv_n_splits: 5
cv_n_repeats: 10
preprocessing_config:
  eps: 1.0e-06
  min_speed: 0.01
  max_hours: 9999.0
