model_type: coxnet
model_params:
  l1_ratio: 0.9537022651933912
  alpha_min_ratio: 0.0809603951816058
  n_alphas: 180
  max_iter: 1586
  tol: 3.4906312249247743e-06
seed: 42
cv_n_splits: 5
cv_n_repeats: 10
preprocessing_config:
  eps: 1.0e-06
  min_speed: 0.01
  max_hours: 9999.0
