model_type: gbsa
model_params:
  loss: coxph
  n_estimators: 450
  learning_rate: 0.1752019348681405
  subsample: 0.6055230810625364
  max_depth: 6
  max_features: 0.7
  max_leaf_nodes: null
  min_samples_split: 5
  min_samples_leaf: 13
  min_weight_fraction_leaf: 0.0
  min_impurity_decrease: 0.03005066254656891
  criterion: friedman_mse
  ccp_alpha: 0.015605208478800158
  dropout_rate: 0.0782324783646807
  validation_fraction: 0.19830242365881745
  n_iter_no_change: null
  tol: 1.9463123222983615e-05
  random_state: 42
  warm_start: false
  verbose: 0
seed: 42
cv_n_splits: 5
cv_n_repeats: 10
preprocessing_config:
  eps: 1.0e-06
  min_speed: 0.01
  max_hours: 9999.0
