model_type: coxnet
model_params:
  l1_ratio: 0.05034105997774585
  alpha_min_ratio: 0.008088005340441396
  n_alphas: 113
  max_iter: 3797
  tol: 2.0866757087940572e-06
seed: 2023
cv_n_splits: 5
cv_n_repeats: 10
preprocessing_config:
  eps: 1.0e-06
  min_speed: 0.01
  max_hours: 9999.0
