model_type: coxnet
model_params:
  l1_ratio: 0.9527341642646332
  alpha_min_ratio: 0.026303019779551025
  n_alphas: 297
  max_iter: 16776
  tol: 5.074110646309699e-06
seed: 2023
cv_n_splits: 5
cv_n_repeats: 10
preprocessing_config:
  eps: 1.0e-06
  min_speed: 0.01
  max_hours: 9999.0
