model_type: coxnet
model_params:
  l1_ratio: 0.8934832662895522
  alpha_min_ratio: 0.01891255653914177
  n_alphas: 218
  max_iter: 1488
  tol: 2.6600712953642375e-05
seed: 42
cv_n_splits: 5
cv_n_repeats: 10
preprocessing_config:
  eps: 1.0e-06
  min_speed: 0.01
  max_hours: 9999.0
