model_type: coxnet
model_params:
  l1_ratio: 0.9931242067470528
  alpha_min_ratio: 0.06581549106766975
  n_alphas: 297
  max_iter: 17915
  tol: 9.896564317451572e-05
seed: 42
cv_n_splits: 5
cv_n_repeats: 10
preprocessing_config:
  eps: 1.0e-06
  min_speed: 0.01
  max_hours: 9999.0
