model_type: gbsa
model_params:
  loss: coxph
  n_estimators: 338
  learning_rate: 0.09289595998481864
  subsample: 0.7681179273014365
  max_depth: 5
  max_features: 0.5
  max_leaf_nodes: 16
  min_samples_split: 15
  min_samples_leaf: 2
  min_weight_fraction_leaf: 0.0
  min_impurity_decrease: 0.039141661601344274
  criterion: friedman_mse
  ccp_alpha: 0.0022758594787217045
  dropout_rate: 0.009746483307318537
  validation_fraction: 0.17937474052379676
  n_iter_no_change: null
  tol: 1.135620456551187e-05
  random_state: 777
  warm_start: false
  verbose: 0
seed: 777
cv_n_splits: 5
cv_n_repeats: 10
preprocessing_config:
  eps: 1.0e-06
  min_speed: 0.01
  max_hours: 9999.0
