model_type: coxnet
model_params:
  l1_ratio: 0.965146422413183
  alpha_min_ratio: 0.02498269087594579
  n_alphas: 294
  max_iter: 15107
  tol: 9.080015572671786e-05
seed: 42
cv_n_splits: 5
cv_n_repeats: 10
preprocessing_config:
  eps: 1.0e-06
  min_speed: 0.01
  max_hours: 9999.0
