model_type: gbsa
model_params:
  loss: coxph
  n_estimators: 394
  learning_rate: 0.005709956918072134
  subsample: 0.6372443301530343
  max_depth: 4
  max_features: sqrt
  max_leaf_nodes: 63
  min_samples_split: 6
  min_samples_leaf: 15
  min_weight_fraction_leaf: 0.0
  min_impurity_decrease: 0.03486706561471565
  criterion: friedman_mse
  ccp_alpha: 0.00041775574329032216
  dropout_rate: 0.03169826380834184
  validation_fraction: 0.2036438244058703
  n_iter_no_change: 20
  tol: 0.00017323407976116791
  random_state: 2023
  warm_start: false
  verbose: 0
seed: 2023
cv_n_splits: 5
cv_n_repeats: 10
preprocessing_config:
  eps: 1.0e-06
  min_speed: 0.01
  max_hours: 9999.0
