model_type: coxnet
model_params:
  l1_ratio: 0.8004894602465511
  alpha_min_ratio: 0.0426435501649948
  n_alphas: 271
  max_iter: 16048
  tol: 9.33585529868652e-06
seed: 1024
cv_n_splits: 5
cv_n_repeats: 10
preprocessing_config:
  eps: 1.0e-06
  min_speed: 0.01
  max_hours: 9999.0
