model_type: coxnet
model_params:
  l1_ratio: 0.9703608648760919
  alpha_min_ratio: 0.06995074762689929
  n_alphas: 238
  max_iter: 12967
  tol: 2.8239710074361397e-08
seed: 2023
cv_n_splits: 5
cv_n_repeats: 10
preprocessing_config:
  eps: 1.0e-06
  min_speed: 0.01
  max_hours: 9999.0
