model_type: gbsa
model_params:
  loss: coxph
  n_estimators: 304
  learning_rate: 0.06710498403611362
  subsample: 0.5304029033990544
  max_depth: 3
  max_features: 0.5
  max_leaf_nodes: 31
  min_samples_split: 18
  min_samples_leaf: 9
  min_weight_fraction_leaf: 0.0
  min_impurity_decrease: 0.025082731303058617
  criterion: friedman_mse
  ccp_alpha: 0.0030147864677938026
  dropout_rate: 0.015518663802843512
  validation_fraction: 0.20312877069153512
  n_iter_no_change: null
  tol: 1.7339007340107503e-05
  random_state: 777
  warm_start: false
  verbose: 0
seed: 777
cv_n_splits: 5
cv_n_repeats: 10
preprocessing_config:
  eps: 1.0e-06
  min_speed: 0.01
  max_hours: 9999.0
