model_type: coxnet
model_params:
  l1_ratio: 0.9745368425133736
  alpha_min_ratio: 0.07577328496982018
  n_alphas: 249
  max_iter: 19634
  tol: 8.641538884438706e-06
seed: 42
cv_n_splits: 5
cv_n_repeats: 10
preprocessing_config:
  eps: 1.0e-06
  min_speed: 0.01
  max_hours: 9999.0
