model_type: coxnet
model_params:
  l1_ratio: 0.3319678564776421
  alpha_min_ratio: 0.0005825753660783984
  n_alphas: 181
  max_iter: 17884
  tol: 2.4701542915667416e-05
seed: 777
cv_n_splits: 5
cv_n_repeats: 10
preprocessing_config:
  eps: 1.0e-06
  min_speed: 0.01
  max_hours: 9999.0
