model_type: gbsa
model_params:
  loss: coxph
  n_estimators: 165
  learning_rate: 0.15059219166257864
  subsample: 0.5458340018599512
  max_depth: 4
  max_features: 0.7
  max_leaf_nodes: 8
  min_samples_split: 9
  min_samples_leaf: 15
  min_weight_fraction_leaf: 0.0
  min_impurity_decrease: 0.025401436812636482
  criterion: friedman_mse
  ccp_alpha: 0.00017947507848219244
  dropout_rate: 0.26646935748077866
  validation_fraction: 0.2482506440146075
  n_iter_no_change: 20
  tol: 0.00011389906276335872
  random_state: 42
  warm_start: false
  verbose: 0
seed: 42
cv_n_splits: 5
cv_n_repeats: 10
preprocessing_config:
  eps: 1.0e-06
  min_speed: 0.01
  max_hours: 9999.0
