model_type: gbsa
model_params:
  loss: coxph
  n_estimators: 362
  learning_rate: 0.0013349439456040834
  subsample: 0.6009094163010957
  max_depth: 6
  max_features: sqrt
  max_leaf_nodes: null
  min_samples_split: 8
  min_samples_leaf: 8
  min_weight_fraction_leaf: 0.0
  min_impurity_decrease: 0.01013021385981467
  criterion: friedman_mse
  ccp_alpha: 0.0001662200209572386
  dropout_rate: 0.03147909977285385
  validation_fraction: 0.24629558717638997
  n_iter_no_change: null
  tol: 0.0021262183687662563
  random_state: 2023
  warm_start: false
  verbose: 0
seed: 2023
cv_n_splits: 5
cv_n_repeats: 10
preprocessing_config:
  eps: 1.0e-06
  min_speed: 0.01
  max_hours: 9999.0
