model_type: gbsa
model_params:
  loss: coxph
  n_estimators: 330
  learning_rate: 0.18827830585355607
  subsample: 0.9972316475699123
  max_depth: 3
  max_features: 0.3
  max_leaf_nodes: 31
  min_samples_split: 19
  min_samples_leaf: 2
  min_weight_fraction_leaf: 0.0
  min_impurity_decrease: 0.02969130044109749
  criterion: friedman_mse
  ccp_alpha: 1.1619228553255586e-06
  dropout_rate: 0.17686412288550038
  validation_fraction: 0.27271537390815714
  n_iter_no_change: null
  tol: 0.003010709717761223
  random_state: 1024
  warm_start: false
  verbose: 0
seed: 1024
cv_n_splits: 5
cv_n_repeats: 10
preprocessing_config:
  eps: 1.0e-06
  min_speed: 0.01
  max_hours: 9999.0
