model_type: coxnet
model_params:
  l1_ratio: 0.9939510870755965
  alpha_min_ratio: 0.021437463561462526
  n_alphas: 86
  max_iter: 2439
  tol: 6.551009318818104e-07
seed: 42
cv_n_splits: 5
cv_n_repeats: 10
preprocessing_config:
  eps: 1.0e-06
  min_speed: 0.01
  max_hours: 9999.0
