model_type: coxnet
model_params:
  l1_ratio: 0.14461067058587618
  alpha_min_ratio: 0.04968252958052584
  n_alphas: 85
  max_iter: 8769
  tol: 9.684922988231876e-08
seed: 2023
cv_n_splits: 5
cv_n_repeats: 10
preprocessing_config:
  eps: 1.0e-06
  min_speed: 0.01
  max_hours: 9999.0
