model_type: coxnet
model_params:
  l1_ratio: 0.953122803511463
  alpha_min_ratio: 0.07467315194297104
  n_alphas: 114
  max_iter: 14164
  tol: 6.409964404931521e-06
seed: 777
cv_n_splits: 5
cv_n_repeats: 10
preprocessing_config:
  eps: 1.0e-06
  min_speed: 0.01
  max_hours: 9999.0
