model_type: coxnet
model_params:
  l1_ratio: 0.6279864622357132
  alpha_min_ratio: 0.00010001241188539691
  n_alphas: 161
  max_iter: 18831
  tol: 5.7752034098303484e-05
seed: 2023
cv_n_splits: 5
cv_n_repeats: 10
preprocessing_config:
  eps: 1.0e-06
  min_speed: 0.01
  max_hours: 9999.0
