model_type: gbsa
model_params:
  loss: coxph
  n_estimators: 247
  learning_rate: 0.08409749419790945
  subsample: 0.6162074941609522
  max_depth: 4
  max_features: 0.5
  max_leaf_nodes: 8
  min_samples_split: 14
  min_samples_leaf: 5
  min_weight_fraction_leaf: 0.0
  min_impurity_decrease: 0.040616821830028876
  criterion: friedman_mse
  ccp_alpha: 1.0336752419790426e-06
  dropout_rate: 0.15920031807010154
  validation_fraction: 0.10117376525489727
  n_iter_no_change: null
  tol: 1.8306051127305837e-05
  random_state: 777
  warm_start: false
  verbose: 0
seed: 777
cv_n_splits: 5
cv_n_repeats: 10
preprocessing_config:
  eps: 1.0e-06
  min_speed: 0.01
  max_hours: 9999.0
