model_type: coxnet
model_params:
  l1_ratio: 0.6569314757718334
  alpha_min_ratio: 0.028245650440556505
  n_alphas: 118
  max_iter: 14081
  tol: 4.883240934598953e-07
seed: 777
cv_n_splits: 5
cv_n_repeats: 10
preprocessing_config:
  eps: 1.0e-06
  min_speed: 0.01
  max_hours: 9999.0
