model_type: gbsa
model_params:
  loss: coxph
  n_estimators: 452
  learning_rate: 0.11441598936706747
  subsample: 0.5063552124892647
  max_depth: 2
  max_features: log2
  max_leaf_nodes: 16
  min_samples_split: 7
  min_samples_leaf: 14
  min_weight_fraction_leaf: 0.0
  min_impurity_decrease: 0.0046934025780069645
  criterion: friedman_mse
  ccp_alpha: 3.029027175254694e-07
  dropout_rate: 0.05827256898002074
  validation_fraction: 0.2382042413049474
  n_iter_no_change: null
  tol: 0.00018274526759789962
  random_state: 2023
  warm_start: false
  verbose: 0
seed: 2023
cv_n_splits: 5
cv_n_repeats: 10
preprocessing_config:
  eps: 1.0e-06
  min_speed: 0.01
  max_hours: 9999.0
