model_type: coxnet
model_params:
  l1_ratio: 0.6834851247437197
  alpha_min_ratio: 0.0001478589047904086
  n_alphas: 246
  max_iter: 14995
  tol: 1.2071949585440253e-05
seed: 1024
cv_n_splits: 5
cv_n_repeats: 10
preprocessing_config:
  eps: 1.0e-06
  min_speed: 0.01
  max_hours: 9999.0
