model_type: gbsa
model_params:
  loss: coxph
  n_estimators: 269
  learning_rate: 0.11932926079726723
  subsample: 0.6309681380492601
  max_depth: 1
  max_features: null
  max_leaf_nodes: 31
  min_samples_split: 5
  min_samples_leaf: 9
  min_weight_fraction_leaf: 0.0
  min_impurity_decrease: 0.030375726468399103
  criterion: friedman_mse
  ccp_alpha: 0.02751843134738668
  dropout_rate: 0.001794265658274622
  validation_fraction: 0.1469993419051418
  n_iter_no_change: null
  tol: 0.001226553433037841
  random_state: 1024
  warm_start: false
  verbose: 0
seed: 1024
cv_n_splits: 5
cv_n_repeats: 10
preprocessing_config:
  eps: 1.0e-06
  min_speed: 0.01
  max_hours: 9999.0
