model_type: gbsa
model_params:
  loss: coxph
  n_estimators: 350
  learning_rate: 0.016089322184116923
  subsample: 0.5762383828706938
  max_depth: 4
  max_features: 0.7
  max_leaf_nodes: 8
  min_samples_split: 7
  min_samples_leaf: 18
  min_weight_fraction_leaf: 0.0
  min_impurity_decrease: 0.04909082333993703
  criterion: friedman_mse
  ccp_alpha: 0.0014638365236899378
  dropout_rate: 0.07056631076229479
  validation_fraction: 0.24546242233025292
  n_iter_no_change: null
  tol: 0.002474337758767965
  random_state: 2023
  warm_start: false
  verbose: 0
seed: 2023
cv_n_splits: 5
cv_n_repeats: 10
preprocessing_config:
  eps: 1.0e-06
  min_speed: 0.01
  max_hours: 9999.0
