model_type: coxnet
model_params:
  l1_ratio: 0.8606958392030646
  alpha_min_ratio: 0.0006125792606926041
  n_alphas: 275
  max_iter: 11864
  tol: 3.530630244704271e-05
seed: 1024
cv_n_splits: 5
cv_n_repeats: 10
preprocessing_config:
  eps: 1.0e-06
  min_speed: 0.01
  max_hours: 9999.0
