model_type: coxnet
model_params:
  l1_ratio: 0.9607571219866957
  alpha_min_ratio: 0.0958870110930173
  n_alphas: 240
  max_iter: 449
  tol: 1.3485890621651468e-05
seed: 42
cv_n_splits: 5
cv_n_repeats: 10
preprocessing_config:
  eps: 1.0e-06
  min_speed: 0.01
  max_hours: 9999.0
