model_type: gbsa
model_params:
  loss: coxph
  n_estimators: 370
  learning_rate: 0.12694112084651693
  subsample: 0.9248884967285247
  max_depth: 4
  max_features: null
  max_leaf_nodes: 31
  min_samples_split: 4
  min_samples_leaf: 11
  min_weight_fraction_leaf: 0.0
  min_impurity_decrease: 0.026830333287133506
  criterion: friedman_mse
  ccp_alpha: 0.006416231630970788
  dropout_rate: 0.050898938975141
  validation_fraction: 0.23885674929028683
  n_iter_no_change: null
  tol: 1.6545753680438532e-05
  random_state: 42
  warm_start: false
  verbose: 0
seed: 42
cv_n_splits: 5
cv_n_repeats: 10
preprocessing_config:
  eps: 1.0e-06
  min_speed: 0.01
  max_hours: 9999.0
