model_type: coxnet
model_params:
  l1_ratio: 0.9906957692716181
  alpha_min_ratio: 0.09958092724908472
  n_alphas: 294
  max_iter: 10759
  tol: 1.2396338418045771e-06
seed: 42
cv_n_splits: 5
cv_n_repeats: 10
preprocessing_config:
  eps: 1.0e-06
  min_speed: 0.01
  max_hours: 9999.0
