model_type: coxnet
model_params:
  l1_ratio: 0.9894204332342514
  alpha_min_ratio: 0.0929961720772577
  n_alphas: 189
  max_iter: 10255
  tol: 2.066420283783277e-08
seed: 2023
cv_n_splits: 5
cv_n_repeats: 10
preprocessing_config:
  eps: 1.0e-06
  min_speed: 0.01
  max_hours: 9999.0
