model_type: coxnet
model_params:
  l1_ratio: 0.757389378276085
  alpha_min_ratio: 0.07475250670565045
  n_alphas: 267
  max_iter: 19362
  tol: 9.974785733159143e-06
seed: 2023
cv_n_splits: 5
cv_n_repeats: 10
preprocessing_config:
  eps: 1.0e-06
  min_speed: 0.01
  max_hours: 9999.0
