model_type: gbsa
model_params:
  loss: coxph
  n_estimators: 143
  learning_rate: 0.11654061332859261
  subsample: 0.8949220247300972
  max_depth: 1
  max_features: 1.0
  max_leaf_nodes: null
  min_samples_split: 14
  min_samples_leaf: 12
  min_weight_fraction_leaf: 0.0
  min_impurity_decrease: 0.04789885078817047
  criterion: friedman_mse
  ccp_alpha: 0.05331762422835536
  dropout_rate: 0.018705536020233678
  validation_fraction: 0.2918191115091495
  n_iter_no_change: 20
  tol: 9.372223039327485e-05
  random_state: 1024
  warm_start: false
  verbose: 0
seed: 1024
cv_n_splits: 5
cv_n_repeats: 10
preprocessing_config:
  eps: 1.0e-06
  min_speed: 0.01
  max_hours: 9999.0
