model_type: coxnet
model_params:
  l1_ratio: 0.9766866201235038
  alpha_min_ratio: 0.026934839362900004
  n_alphas: 230
  max_iter: 19112
  tol: 5.8426510928120285e-06
seed: 42
cv_n_splits: 5
cv_n_repeats: 10
preprocessing_config:
  eps: 1.0e-06
  min_speed: 0.01
  max_hours: 9999.0
