model_type: coxnet
model_params:
  l1_ratio: 0.9423928949087251
  alpha_min_ratio: 0.08546059710950114
  n_alphas: 263
  max_iter: 1083
  tol: 5.771581326057367e-07
seed: 42
cv_n_splits: 5
cv_n_repeats: 10
preprocessing_config:
  eps: 1.0e-06
  min_speed: 0.01
  max_hours: 9999.0
