model_type: coxnet
model_params:
  l1_ratio: 0.8961357639173643
  alpha_min_ratio: 0.08601382663244603
  n_alphas: 251
  max_iter: 512
  tol: 7.822193305506699e-06
seed: 42
cv_n_splits: 5
cv_n_repeats: 10
preprocessing_config:
  eps: 1.0e-06
  min_speed: 0.01
  max_hours: 9999.0
