model_type: gbsa
model_params:
  loss: coxph
  n_estimators: 101
  learning_rate: 0.11991727133859574
  subsample: 0.6154033407773107
  max_depth: 5
  max_features: 0.5
  max_leaf_nodes: 8
  min_samples_split: 19
  min_samples_leaf: 3
  min_weight_fraction_leaf: 0.0
  min_impurity_decrease: 0.040789934700076004
  criterion: friedman_mse
  ccp_alpha: 0.0001339184089290608
  dropout_rate: 0.06974622973448502
  validation_fraction: 0.13894101214267798
  n_iter_no_change: null
  tol: 1.3916556418107212e-05
  random_state: 777
  warm_start: false
  verbose: 0
seed: 777
cv_n_splits: 5
cv_n_repeats: 10
preprocessing_config:
  eps: 1.0e-06
  min_speed: 0.01
  max_hours: 9999.0
