seed: 42
cv_n_splits: 5
cv_n_repeats: 10
gbsa_config:
  loss: coxph
  n_estimators: 114
  learning_rate: 0.14639716759052981
  subsample: 0.7424525198047479
  max_depth: 4
  max_features: 0.3
  max_leaf_nodes: null
  min_samples_split: 4
  min_samples_leaf: 13
  min_weight_fraction_leaf: 0.0
  min_impurity_decrease: 0.018987871683585695
  criterion: friedman_mse
  ccp_alpha: 3.023815493690021e-08
  dropout_rate: 0.35689182719110957
  validation_fraction: 0.18645711903765247
  n_iter_no_change: 10
  tol: 6.485785345567943e-05
  random_state: 42
  warm_start: false
  verbose: 0
preprocessing_config:
  eps: 1.0e-06
  min_speed: 0.01
  max_hours: 9999.0
