model_type: gbsa
model_params:
  loss: coxph
  n_estimators: 235
  learning_rate: 0.04479500525214711
  subsample: 0.6463581720522735
  max_depth: 6
  max_features: 1.0
  max_leaf_nodes: 16
  min_samples_split: 2
  min_samples_leaf: 3
  min_weight_fraction_leaf: 0.0
  min_impurity_decrease: 0.010870790560922688
  criterion: friedman_mse
  ccp_alpha: 2.1501396513781357e-06
  dropout_rate: 0.08480151234053906
  validation_fraction: 0.27300232707573785
  n_iter_no_change: 20
  tol: 0.0006888237029871932
  random_state: 42
  warm_start: false
  verbose: 0
seed: 42
cv_n_splits: 5
cv_n_repeats: 10
preprocessing_config:
  eps: 1.0e-06
  min_speed: 0.01
  max_hours: 9999.0
