model_type: gbsa
model_params:
  loss: coxph
  n_estimators: 314
  learning_rate: 0.051258288329690364
  subsample: 0.6783965665171483
  max_depth: 1
  max_features: sqrt
  max_leaf_nodes: 31
  min_samples_split: 10
  min_samples_leaf: 3
  min_weight_fraction_leaf: 0.0
  min_impurity_decrease: 0.03715771807321615
  criterion: friedman_mse
  ccp_alpha: 3.6173476600400646e-05
  dropout_rate: 0.008531845321097704
  validation_fraction: 0.11340422887074496
  n_iter_no_change: null
  tol: 0.0006210727456120488
  random_state: 1024
  warm_start: false
  verbose: 0
seed: 1024
cv_n_splits: 5
cv_n_repeats: 10
preprocessing_config:
  eps: 1.0e-06
  min_speed: 0.01
  max_hours: 9999.0
