model_type: coxnet
model_params:
  l1_ratio: 0.6970090007076455
  alpha_min_ratio: 0.0936438186706749
  n_alphas: 175
  max_iter: 172
  tol: 6.276452034198833e-05
seed: 42
cv_n_splits: 5
cv_n_repeats: 10
preprocessing_config:
  eps: 1.0e-06
  min_speed: 0.01
  max_hours: 9999.0
