model_type: coxnet
model_params:
  l1_ratio: 0.026125306718944585
  alpha_min_ratio: 0.00028235832775547464
  n_alphas: 73
  max_iter: 5603
  tol: 2.79547653827942e-08
seed: 1024
cv_n_splits: 5
cv_n_repeats: 10
preprocessing_config:
  eps: 1.0e-06
  min_speed: 0.01
  max_hours: 9999.0
