seed: 42
cv_n_splits: 5
cv_n_repeats: 10
gbsa_config:
  loss: coxph
  n_estimators: 243
  learning_rate: 0.17581984559062988
  subsample: 0.6541551181251403
  max_depth: 6
  max_features: sqrt
  max_leaf_nodes: null
  min_samples_split: 6
  min_samples_leaf: 9
  min_weight_fraction_leaf: 0.0
  min_impurity_decrease: 0.04695618695926459
  criterion: friedman_mse
  ccp_alpha: 2.83608453466176e-07
  dropout_rate: 0.028755185020517382
  validation_fraction: 0.1588775507303734
  n_iter_no_change: null
  tol: 0.00014924522878924162
  random_state: 42
  warm_start: false
  verbose: 0
preprocessing_config:
  eps: 1.0e-06
  min_speed: 0.01
  max_hours: 9999.0
