model_type: coxnet
model_params:
  l1_ratio: 0.9324307567556499
  alpha_min_ratio: 0.07129675179176459
  n_alphas: 199
  max_iter: 1792
  tol: 8.570353769222064e-05
seed: 42
cv_n_splits: 5
cv_n_repeats: 10
preprocessing_config:
  eps: 1.0e-06
  min_speed: 0.01
  max_hours: 9999.0
