model_type: coxnet
model_params:
  l1_ratio: 0.9884901873809299
  alpha_min_ratio: 0.0035057487217888456
  n_alphas: 72
  max_iter: 16255
  tol: 4.69399701152694e-06
seed: 777
cv_n_splits: 5
cv_n_repeats: 10
preprocessing_config:
  eps: 1.0e-06
  min_speed: 0.01
  max_hours: 9999.0
