model_type: coxnet
model_params:
  l1_ratio: 0.8263931375325738
  alpha_min_ratio: 0.044886175012758274
  n_alphas: 181
  max_iter: 16787
  tol: 8.50334180391881e-05
seed: 42
cv_n_splits: 5
cv_n_repeats: 10
preprocessing_config:
  eps: 1.0e-06
  min_speed: 0.01
  max_hours: 9999.0
