model_type: coxnet
model_params:
  l1_ratio: 0.9978581171795886
  alpha_min_ratio: 0.07976868984928832
  n_alphas: 105
  max_iter: 1403
  tol: 2.260935930195693e-07
seed: 42
cv_n_splits: 5
cv_n_repeats: 10
preprocessing_config:
  eps: 1.0e-06
  min_speed: 0.01
  max_hours: 9999.0
