seed: 42
cv_n_splits: 5
cv_n_repeats: 10
gbsa_config:
  loss: coxph
  n_estimators: 168
  learning_rate: 0.1967610378548147
  subsample: 0.9795977945208364
  max_depth: 6
  max_features: 1.0
  max_leaf_nodes: 8
  min_samples_split: 2
  min_samples_leaf: 11
  min_weight_fraction_leaf: 0.0
  min_impurity_decrease: 0.019693341158793697
  criterion: friedman_mse
  ccp_alpha: 0.014610306836202005
  dropout_rate: 0.025742640047998436
  validation_fraction: 0.2919792926142815
  n_iter_no_change: 5
  tol: 3.5078187541755887e-05
  random_state: 42
  warm_start: false
  verbose: 0
preprocessing_config:
  eps: 1.0e-06
  min_speed: 0.01
  max_hours: 9999.0
