seed: 42
cv_n_splits: 5
cv_n_repeats: 10
gbsa_config:
  loss: coxph
  n_estimators: 410
  learning_rate: 0.02513153022090377
  subsample: 0.7132143683640281
  max_depth: 6
  max_features: sqrt
  max_leaf_nodes: 31
  min_samples_split: 2
  min_samples_leaf: 13
  min_weight_fraction_leaf: 0.0
  min_impurity_decrease: 0.03385206503906575
  criterion: friedman_mse
  ccp_alpha: 0.0077286424456587495
  dropout_rate: 0.0012171784813207777
  validation_fraction: 0.2459198630005026
  n_iter_no_change: 10
  tol: 1.4709760348024401e-05
  random_state: 42
  warm_start: false
  verbose: 0
preprocessing_config:
  eps: 1.0e-06
  min_speed: 0.01
  max_hours: 9999.0
