seed: 42
cv_n_splits: 5
cv_n_repeats: 10
gbsa_config:
  loss: coxph
  n_estimators: 475
  learning_rate: 0.0322790134279071
  subsample: 0.5760234206739261
  max_depth: 6
  max_features: 0.5
  max_leaf_nodes: 31
  min_samples_split: 5
  min_samples_leaf: 13
  min_weight_fraction_leaf: 0.0
  min_impurity_decrease: 0.01914727230781396
  criterion: friedman_mse
  ccp_alpha: 0.0003039983675360621
  dropout_rate: 0.038804949286474044
  validation_fraction: 0.19542796005004917
  n_iter_no_change: null
  tol: 0.0009870037754999776
  random_state: 42
  warm_start: false
  verbose: 0
preprocessing_config:
  eps: 1.0e-06
  min_speed: 0.01
  max_hours: 9999.0
