model_type: coxnet
model_params:
  l1_ratio: 0.9734513691491443
  alpha_min_ratio: 0.08932811607991278
  n_alphas: 213
  max_iter: 18250
  tol: 1.976322513416957e-05
seed: 42
cv_n_splits: 5
cv_n_repeats: 10
preprocessing_config:
  eps: 1.0e-06
  min_speed: 0.01
  max_hours: 9999.0
