model_type: gbsa
model_params:
  loss: coxph
  n_estimators: 481
  learning_rate: 0.1854384525687996
  subsample: 0.6703678603582273
  max_depth: 4
  max_features: 1.0
  max_leaf_nodes: 31
  min_samples_split: 9
  min_samples_leaf: 20
  min_weight_fraction_leaf: 0.0
  min_impurity_decrease: 0.0342837127288687
  criterion: friedman_mse
  ccp_alpha: 2.834724206913366e-06
  dropout_rate: 0.02397835384378331
  validation_fraction: 0.23735933652964547
  n_iter_no_change: null
  tol: 0.0006068008557802331
  random_state: 2023
  warm_start: false
  verbose: 0
seed: 2023
cv_n_splits: 5
cv_n_repeats: 10
preprocessing_config:
  eps: 1.0e-06
  min_speed: 0.01
  max_hours: 9999.0
