model_type: coxnet
model_params:
  l1_ratio: 0.9745179835645015
  alpha_min_ratio: 0.02880298135194113
  n_alphas: 175
  max_iter: 1763
  tol: 1.5107600170802948e-06
seed: 42
cv_n_splits: 5
cv_n_repeats: 10
preprocessing_config:
  eps: 1.0e-06
  min_speed: 0.01
  max_hours: 9999.0
