model_type: coxnet
model_params:
  l1_ratio: 0.993277613523029
  alpha_min_ratio: 0.03826302964985548
  n_alphas: 250
  max_iter: 19297
  tol: 6.860279459323372e-05
seed: 1024
cv_n_splits: 5
cv_n_repeats: 10
preprocessing_config:
  eps: 1.0e-06
  min_speed: 0.01
  max_hours: 9999.0
