model_type: coxnet
model_params:
  l1_ratio: 0.9594862862386666
  alpha_min_ratio: 0.06469228299175654
  n_alphas: 162
  max_iter: 11234
  tol: 3.6555856476859564e-06
seed: 777
cv_n_splits: 5
cv_n_repeats: 10
preprocessing_config:
  eps: 1.0e-06
  min_speed: 0.01
  max_hours: 9999.0
