model_type: coxnet
model_params:
  l1_ratio: 0.9752641222557014
  alpha_min_ratio: 0.051790451807357286
  n_alphas: 214
  max_iter: 104
  tol: 3.3415118033093476e-05
seed: 42
cv_n_splits: 5
cv_n_repeats: 10
preprocessing_config:
  eps: 1.0e-06
  min_speed: 0.01
  max_hours: 9999.0
