model_type: coxnet
model_params:
  l1_ratio: 0.6116537684176744
  alpha_min_ratio: 0.07451115398319746
  n_alphas: 290
  max_iter: 17102
  tol: 1.4704752160096368e-05
seed: 42
cv_n_splits: 5
cv_n_repeats: 10
preprocessing_config:
  eps: 1.0e-06
  min_speed: 0.01
  max_hours: 9999.0
