model_type: coxnet
model_params:
  l1_ratio: 0.9570238109280783
  alpha_min_ratio: 0.025227248683838462
  n_alphas: 272
  max_iter: 815
  tol: 4.1227386071407286e-07
seed: 42
cv_n_splits: 5
cv_n_repeats: 10
preprocessing_config:
  eps: 1.0e-06
  min_speed: 0.01
  max_hours: 9999.0
