model_type: coxnet
model_params:
  l1_ratio: 0.7865144060543591
  alpha_min_ratio: 0.06143937720979981
  n_alphas: 252
  max_iter: 11933
  tol: 1.1256526417185068e-05
seed: 42
cv_n_splits: 5
cv_n_repeats: 10
preprocessing_config:
  eps: 1.0e-06
  min_speed: 0.01
  max_hours: 9999.0
