model_type: gbsa
model_params:
  loss: coxph
  n_estimators: 356
  learning_rate: 0.11980486547349664
  subsample: 0.9438730195282317
  max_depth: 4
  max_features: 0.7
  max_leaf_nodes: 8
  min_samples_split: 4
  min_samples_leaf: 10
  min_weight_fraction_leaf: 0.0
  min_impurity_decrease: 0.0020689109010625694
  criterion: friedman_mse
  ccp_alpha: 0.0021391651282054174
  dropout_rate: 0.021073517437462712
  validation_fraction: 0.26569523047071386
  n_iter_no_change: 20
  tol: 0.0007919572584782675
  random_state: 42
  warm_start: false
  verbose: 0
seed: 42
cv_n_splits: 5
cv_n_repeats: 10
preprocessing_config:
  eps: 1.0e-06
  min_speed: 0.01
  max_hours: 9999.0
