model_type: coxnet
model_params:
  l1_ratio: 0.9926686673937392
  alpha_min_ratio: 0.08285998811451331
  n_alphas: 236
  max_iter: 582
  tol: 1.3277981275844614e-05
seed: 42
cv_n_splits: 5
cv_n_repeats: 10
preprocessing_config:
  eps: 1.0e-06
  min_speed: 0.01
  max_hours: 9999.0
