model_type: coxnet
model_params:
  l1_ratio: 0.9875760397265801
  alpha_min_ratio: 0.07401580568556823
  n_alphas: 231
  max_iter: 18995
  tol: 5.860209991439483e-06
seed: 42
cv_n_splits: 5
cv_n_repeats: 10
preprocessing_config:
  eps: 1.0e-06
  min_speed: 0.01
  max_hours: 9999.0
