model_type: coxnet
model_params:
  l1_ratio: 0.8334319391822544
  alpha_min_ratio: 0.05918340433916079
  n_alphas: 297
  max_iter: 19426
  tol: 8.252659382945557e-07
seed: 2023
cv_n_splits: 5
cv_n_repeats: 10
preprocessing_config:
  eps: 1.0e-06
  min_speed: 0.01
  max_hours: 9999.0
