model_type: coxnet
model_params:
  l1_ratio: 0.965933191062348
  alpha_min_ratio: 0.04957031245870519
  n_alphas: 126
  max_iter: 19227
  tol: 2.852827608708199e-07
seed: 777
cv_n_splits: 5
cv_n_repeats: 10
preprocessing_config:
  eps: 1.0e-06
  min_speed: 0.01
  max_hours: 9999.0
