model_type: coxnet
model_params:
  l1_ratio: 0.9417262631334326
  alpha_min_ratio: 0.0360668822981272
  n_alphas: 156
  max_iter: 19355
  tol: 1.411703345837197e-06
seed: 777
cv_n_splits: 5
cv_n_repeats: 10
preprocessing_config:
  eps: 1.0e-06
  min_speed: 0.01
  max_hours: 9999.0
