seed: 42
cv_n_splits: 5
cv_n_repeats: 10
gbsa_config:
  loss: coxph
  n_estimators: 439
  learning_rate: 0.025833895226692317
  subsample: 0.7729389574326772
  max_depth: 6
  max_features: 0.3
  max_leaf_nodes: 63
  min_samples_split: 2
  min_samples_leaf: 20
  min_weight_fraction_leaf: 0.0
  min_impurity_decrease: 0.010207969376833445
  criterion: friedman_mse
  ccp_alpha: 0.011706635780539865
  dropout_rate: 0.09619110052638793
  validation_fraction: 0.22403144138010403
  n_iter_no_change: null
  tol: 9.988735468967204e-05
  random_state: 42
  warm_start: false
  verbose: 0
preprocessing_config:
  eps: 1.0e-06
  min_speed: 0.01
  max_hours: 9999.0
