model_type: coxnet
model_params:
  l1_ratio: 0.7992599529400524
  alpha_min_ratio: 0.024979138936765895
  n_alphas: 102
  max_iter: 12387
  tol: 1.457058270249049e-06
seed: 2023
cv_n_splits: 5
cv_n_repeats: 10
preprocessing_config:
  eps: 1.0e-06
  min_speed: 0.01
  max_hours: 9999.0
