model_type: coxnet
model_params:
  l1_ratio: 0.9361764345773318
  alpha_min_ratio: 0.08456056557471159
  n_alphas: 258
  max_iter: 19590
  tol: 5.071497512503186e-07
seed: 2023
cv_n_splits: 5
cv_n_repeats: 10
preprocessing_config:
  eps: 1.0e-06
  min_speed: 0.01
  max_hours: 9999.0
