model_type: coxnet
model_params:
  l1_ratio: 0.9548041432592249
  alpha_min_ratio: 0.04443758703522092
  n_alphas: 163
  max_iter: 17165
  tol: 1.1805010394605331e-06
seed: 777
cv_n_splits: 5
cv_n_repeats: 10
preprocessing_config:
  eps: 1.0e-06
  min_speed: 0.01
  max_hours: 9999.0
