model_type: gbsa
model_params:
  loss: coxph
  n_estimators: 403
  learning_rate: 0.11949620390872778
  subsample: 0.5790957584802141
  max_depth: 4
  max_features: sqrt
  max_leaf_nodes: null
  min_samples_split: 3
  min_samples_leaf: 16
  min_weight_fraction_leaf: 0.0
  min_impurity_decrease: 0.028574690473120126
  criterion: friedman_mse
  ccp_alpha: 0.07819526308960252
  dropout_rate: 0.026501141532741697
  validation_fraction: 0.11693092831315988
  n_iter_no_change: 10
  tol: 5.648025734952268e-05
  random_state: 42
  warm_start: false
  verbose: 0
seed: 42
cv_n_splits: 5
cv_n_repeats: 10
preprocessing_config:
  eps: 1.0e-06
  min_speed: 0.01
  max_hours: 9999.0
