model_type: gbsa
model_params:
  loss: coxph
  n_estimators: 231
  learning_rate: 0.04124335149760406
  subsample: 0.8692065918788306
  max_depth: 6
  max_features: null
  max_leaf_nodes: 8
  min_samples_split: 7
  min_samples_leaf: 18
  min_weight_fraction_leaf: 0.0
  min_impurity_decrease: 0.03490256881306139
  criterion: friedman_mse
  ccp_alpha: 1.4289416103873532e-06
  dropout_rate: 0.09610791868124473
  validation_fraction: 0.23494901806376164
  n_iter_no_change: null
  tol: 0.0016763156207771665
  random_state: 2023
  warm_start: false
  verbose: 0
seed: 2023
cv_n_splits: 5
cv_n_repeats: 10
preprocessing_config:
  eps: 1.0e-06
  min_speed: 0.01
  max_hours: 9999.0
