model_type: coxnet
model_params:
  l1_ratio: 0.457428164388732
  alpha_min_ratio: 0.0001519642899328928
  n_alphas: 271
  max_iter: 4888
  tol: 1.4206082934534322e-05
seed: 42
cv_n_splits: 5
cv_n_repeats: 10
preprocessing_config:
  eps: 1.0e-06
  min_speed: 0.01
  max_hours: 9999.0
