model_type: coxnet
model_params:
  l1_ratio: 0.2684771509425327
  alpha_min_ratio: 0.0001874723311417133
  n_alphas: 110
  max_iter: 3850
  tol: 2.091505084798849e-05
seed: 777
cv_n_splits: 5
cv_n_repeats: 10
preprocessing_config:
  eps: 1.0e-06
  min_speed: 0.01
  max_hours: 9999.0
