model_type: coxnet
model_params:
  l1_ratio: 0.9340614277056931
  alpha_min_ratio: 0.07448862872850297
  n_alphas: 283
  max_iter: 906
  tol: 4.6940418565913e-05
seed: 42
cv_n_splits: 5
cv_n_repeats: 10
preprocessing_config:
  eps: 1.0e-06
  min_speed: 0.01
  max_hours: 9999.0
