model_type: coxnet
model_params:
  l1_ratio: 0.687960787795943
  alpha_min_ratio: 0.06563402113097237
  n_alphas: 63
  max_iter: 12792
  tol: 2.4386559725418055e-06
seed: 777
cv_n_splits: 5
cv_n_repeats: 10
preprocessing_config:
  eps: 1.0e-06
  min_speed: 0.01
  max_hours: 9999.0
