model_type: coxnet
model_params:
  l1_ratio: 0.7662098620450772
  alpha_min_ratio: 0.08925368425642743
  n_alphas: 178
  max_iter: 554
  tol: 7.393109009865412e-07
seed: 42
cv_n_splits: 5
cv_n_repeats: 10
preprocessing_config:
  eps: 1.0e-06
  min_speed: 0.01
  max_hours: 9999.0
