model_type: coxnet
model_params:
  l1_ratio: 0.7200980746055475
  alpha_min_ratio: 0.0718495263501638
  n_alphas: 90
  max_iter: 14447
  tol: 9.2493194144913e-06
seed: 777
cv_n_splits: 5
cv_n_repeats: 10
preprocessing_config:
  eps: 1.0e-06
  min_speed: 0.01
  max_hours: 9999.0
