model_type: coxnet
model_params:
  l1_ratio: 0.802857244603065
  alpha_min_ratio: 0.0840565931032606
  n_alphas: 225
  max_iter: 14212
  tol: 4.37376080402028e-06
seed: 2023
cv_n_splits: 5
cv_n_repeats: 10
preprocessing_config:
  eps: 1.0e-06
  min_speed: 0.01
  max_hours: 9999.0
