model_type: coxnet
model_params:
  l1_ratio: 0.9223699398149354
  alpha_min_ratio: 0.07795593650616865
  n_alphas: 201
  max_iter: 314
  tol: 1.0310636002494707e-06
seed: 42
cv_n_splits: 5
cv_n_repeats: 10
preprocessing_config:
  eps: 1.0e-06
  min_speed: 0.01
  max_hours: 9999.0
