seed: 42
cv_n_splits: 5
cv_n_repeats: 10
gbsa_config:
  loss: coxph
  n_estimators: 315
  learning_rate: 0.08656749722447095
  subsample: 0.6453945543271588
  max_depth: 5
  max_features: 0.7
  max_leaf_nodes: 31
  min_samples_split: 3
  min_samples_leaf: 8
  min_weight_fraction_leaf: 0.0
  min_impurity_decrease: 0.018542665846147346
  criterion: friedman_mse
  ccp_alpha: 0.0005976937222811885
  dropout_rate: 0.060767048867998365
  validation_fraction: 0.1935647949217215
  n_iter_no_change: 10
  tol: 2.019040705465605e-05
  random_state: 42
  warm_start: false
  verbose: 0
preprocessing_config:
  eps: 1.0e-06
  min_speed: 0.01
  max_hours: 9999.0
