model_type: coxnet
model_params:
  l1_ratio: 0.9781592165452611
  alpha_min_ratio: 0.06763692941485719
  n_alphas: 246
  max_iter: 19683
  tol: 6.384274638082258e-07
seed: 2023
cv_n_splits: 5
cv_n_repeats: 10
preprocessing_config:
  eps: 1.0e-06
  min_speed: 0.01
  max_hours: 9999.0
