model_type: coxnet
model_params:
  l1_ratio: 0.9386241540701266
  alpha_min_ratio: 0.057819689891632026
  n_alphas: 239
  max_iter: 14744
  tol: 1.2895083814840157e-08
seed: 2023
cv_n_splits: 5
cv_n_repeats: 10
preprocessing_config:
  eps: 1.0e-06
  min_speed: 0.01
  max_hours: 9999.0
