model_type: coxnet
model_params:
  l1_ratio: 0.8741490390277052
  alpha_min_ratio: 0.015922715276475565
  n_alphas: 100
  max_iter: 162
  tol: 2.1272107024803793e-05
seed: 42
cv_n_splits: 5
cv_n_repeats: 10
preprocessing_config:
  eps: 1.0e-06
  min_speed: 0.01
  max_hours: 9999.0
