model_type: coxnet
model_params:
  l1_ratio: 0.8871277006167894
  alpha_min_ratio: 0.023312939586940834
  n_alphas: 236
  max_iter: 11937
  tol: 7.361627808860392e-07
seed: 2023
cv_n_splits: 5
cv_n_repeats: 10
preprocessing_config:
  eps: 1.0e-06
  min_speed: 0.01
  max_hours: 9999.0
