model_type: coxnet
model_params:
  l1_ratio: 0.7369146462447742
  alpha_min_ratio: 0.08355427874772463
  n_alphas: 158
  max_iter: 14388
  tol: 1.249904798983951e-06
seed: 777
cv_n_splits: 5
cv_n_repeats: 10
preprocessing_config:
  eps: 1.0e-06
  min_speed: 0.01
  max_hours: 9999.0
