model_type: coxnet
model_params:
  l1_ratio: 0.948483575494442
  alpha_min_ratio: 0.03516635560040645
  n_alphas: 298
  max_iter: 12385
  tol: 3.597062979749242e-05
seed: 1024
cv_n_splits: 5
cv_n_repeats: 10
preprocessing_config:
  eps: 1.0e-06
  min_speed: 0.01
  max_hours: 9999.0
