model_type: coxnet
model_params:
  l1_ratio: 0.9641146095932083
  alpha_min_ratio: 0.04133911217632013
  n_alphas: 171
  max_iter: 14996
  tol: 1.4613036012614884e-07
seed: 2023
cv_n_splits: 5
cv_n_repeats: 10
preprocessing_config:
  eps: 1.0e-06
  min_speed: 0.01
  max_hours: 9999.0
