model_type: coxnet
model_params:
  l1_ratio: 0.9483369077040064
  alpha_min_ratio: 0.0007106230065411752
  n_alphas: 159
  max_iter: 13428
  tol: 2.131700107767483e-06
seed: 1024
cv_n_splits: 5
cv_n_repeats: 10
preprocessing_config:
  eps: 1.0e-06
  min_speed: 0.01
  max_hours: 9999.0
