model_type: coxnet
model_params:
  l1_ratio: 0.6025682954115883
  alpha_min_ratio: 0.02755441933748981
  n_alphas: 294
  max_iter: 3989
  tol: 2.1610491868692018e-05
seed: 1024
cv_n_splits: 5
cv_n_repeats: 10
preprocessing_config:
  eps: 1.0e-06
  min_speed: 0.01
  max_hours: 9999.0
