model_type: coxnet
model_params:
  l1_ratio: 0.9630274299737605
  alpha_min_ratio: 0.07209144064593369
  n_alphas: 190
  max_iter: 1785
  tol: 8.501610079458035e-05
seed: 42
cv_n_splits: 5
cv_n_repeats: 10
preprocessing_config:
  eps: 1.0e-06
  min_speed: 0.01
  max_hours: 9999.0
