model_type: gbsa
model_params:
  loss: coxph
  n_estimators: 476
  learning_rate: 0.01016896412506347
  subsample: 0.8879277353426055
  max_depth: 4
  max_features: sqrt
  max_leaf_nodes: 63
  min_samples_split: 12
  min_samples_leaf: 4
  min_weight_fraction_leaf: 0.0
  min_impurity_decrease: 0.02962318126102338
  criterion: friedman_mse
  ccp_alpha: 0.000953674476811642
  dropout_rate: 0.07224631338214774
  validation_fraction: 0.2964758522041193
  n_iter_no_change: 5
  tol: 0.00013733179472417756
  random_state: 1024
  warm_start: false
  verbose: 0
seed: 1024
cv_n_splits: 5
cv_n_repeats: 10
preprocessing_config:
  eps: 1.0e-06
  min_speed: 0.01
  max_hours: 9999.0
