model_type: coxnet
model_params:
  l1_ratio: 0.755743018542227
  alpha_min_ratio: 0.04660868504097503
  n_alphas: 99
  max_iter: 18342
  tol: 1.0007040230971931e-05
seed: 777
cv_n_splits: 5
cv_n_repeats: 10
preprocessing_config:
  eps: 1.0e-06
  min_speed: 0.01
  max_hours: 9999.0
