model_type: coxnet
model_params:
  l1_ratio: 0.9414469210195591
  alpha_min_ratio: 0.052773118378121396
  n_alphas: 201
  max_iter: 422
  tol: 3.3394324844564252e-06
seed: 42
cv_n_splits: 5
cv_n_repeats: 10
preprocessing_config:
  eps: 1.0e-06
  min_speed: 0.01
  max_hours: 9999.0
