model_type: coxnet
model_params:
  l1_ratio: 0.9622197702292073
  alpha_min_ratio: 0.059105967232908355
  n_alphas: 289
  max_iter: 13784
  tol: 8.760773989441844e-05
seed: 1024
cv_n_splits: 5
cv_n_repeats: 10
preprocessing_config:
  eps: 1.0e-06
  min_speed: 0.01
  max_hours: 9999.0
