model_type: coxnet
model_params:
  l1_ratio: 0.7094748563517375
  alpha_min_ratio: 0.09001158695043572
  n_alphas: 152
  max_iter: 13377
  tol: 4.463224533584677e-05
seed: 2023
cv_n_splits: 5
cv_n_repeats: 10
preprocessing_config:
  eps: 1.0e-06
  min_speed: 0.01
  max_hours: 9999.0
