model_type: coxnet
model_params:
  l1_ratio: 0.9245017171398117
  alpha_min_ratio: 0.056554206498935014
  n_alphas: 76
  max_iter: 12781
  tol: 8.370370423886962e-07
seed: 777
cv_n_splits: 5
cv_n_repeats: 10
preprocessing_config:
  eps: 1.0e-06
  min_speed: 0.01
  max_hours: 9999.0
