model_type: gbsa
model_params:
  loss: coxph
  n_estimators: 264
  learning_rate: 0.042073932034895074
  subsample: 0.9335500382916744
  max_depth: 3
  max_features: 0.3
  max_leaf_nodes: null
  min_samples_split: 2
  min_samples_leaf: 5
  min_weight_fraction_leaf: 0.0
  min_impurity_decrease: 0.04658785643256237
  criterion: friedman_mse
  ccp_alpha: 2.1506230163408154e-06
  dropout_rate: 0.040027711352841194
  validation_fraction: 0.256348032425544
  n_iter_no_change: 10
  tol: 0.00036194027970063174
  random_state: 1024
  warm_start: false
  verbose: 0
seed: 1024
cv_n_splits: 5
cv_n_repeats: 10
preprocessing_config:
  eps: 1.0e-06
  min_speed: 0.01
  max_hours: 9999.0
