model_type: coxnet
model_params:
  l1_ratio: 0.9778254766764459
  alpha_min_ratio: 0.045028188277001245
  n_alphas: 206
  max_iter: 488
  tol: 8.440435849090963e-05
seed: 42
cv_n_splits: 5
cv_n_repeats: 10
preprocessing_config:
  eps: 1.0e-06
  min_speed: 0.01
  max_hours: 9999.0
