model_type: coxnet
model_params:
  l1_ratio: 0.8337259028961563
  alpha_min_ratio: 0.09787200498631483
  n_alphas: 231
  max_iter: 19970
  tol: 4.489295380607264e-05
seed: 1024
cv_n_splits: 5
cv_n_repeats: 10
preprocessing_config:
  eps: 1.0e-06
  min_speed: 0.01
  max_hours: 9999.0
