model_type: coxnet
model_params:
  l1_ratio: 0.9515676476631959
  alpha_min_ratio: 0.024614197592116624
  n_alphas: 132
  max_iter: 964
  tol: 5.805269251134783e-05
seed: 42
cv_n_splits: 5
cv_n_repeats: 10
preprocessing_config:
  eps: 1.0e-06
  min_speed: 0.01
  max_hours: 9999.0
