model_type: coxnet
model_params:
  l1_ratio: 0.9262149994537257
  alpha_min_ratio: 0.039644788222779934
  n_alphas: 208
  max_iter: 1800
  tol: 5.10180526634943e-05
seed: 42
cv_n_splits: 5
cv_n_repeats: 10
preprocessing_config:
  eps: 1.0e-06
  min_speed: 0.01
  max_hours: 9999.0
