model_type: gbsa
model_params:
  loss: coxph
  n_estimators: 228
  learning_rate: 0.09316907948008665
  subsample: 0.715491597350277
  max_depth: 2
  max_features: 0.3
  max_leaf_nodes: 8
  min_samples_split: 14
  min_samples_leaf: 4
  min_weight_fraction_leaf: 0.0
  min_impurity_decrease: 0.010781244923216388
  criterion: friedman_mse
  ccp_alpha: 0.005682206934006312
  dropout_rate: 0.11964802749990625
  validation_fraction: 0.25931619066887096
  n_iter_no_change: null
  tol: 0.0005143540684193805
  random_state: 1024
  warm_start: false
  verbose: 0
seed: 1024
cv_n_splits: 5
cv_n_repeats: 10
preprocessing_config:
  eps: 1.0e-06
  min_speed: 0.01
  max_hours: 9999.0
