model_type: gbsa
model_params:
  loss: coxph
  n_estimators: 259
  learning_rate: 0.06303739352058249
  subsample: 0.5048640820240857
  max_depth: 5
  max_features: 0.3
  max_leaf_nodes: 16
  min_samples_split: 7
  min_samples_leaf: 13
  min_weight_fraction_leaf: 0.0
  min_impurity_decrease: 0.024549727406170452
  criterion: friedman_mse
  ccp_alpha: 0.0009989325569190223
  dropout_rate: 0.1382303851672812
  validation_fraction: 0.2269152374511354
  n_iter_no_change: null
  tol: 0.00046827873265656956
  random_state: 2023
  warm_start: false
  verbose: 0
seed: 2023
cv_n_splits: 5
cv_n_repeats: 10
preprocessing_config:
  eps: 1.0e-06
  min_speed: 0.01
  max_hours: 9999.0
