model_type: gbsa
model_params:
  loss: coxph
  n_estimators: 428
  learning_rate: 0.10878251549108171
  subsample: 0.7124348252938539
  max_depth: 2
  max_features: 0.7
  max_leaf_nodes: 31
  min_samples_split: 20
  min_samples_leaf: 11
  min_weight_fraction_leaf: 0.0
  min_impurity_decrease: 0.027455965691320465
  criterion: friedman_mse
  ccp_alpha: 3.463569014312858e-07
  dropout_rate: 0.05905770270293927
  validation_fraction: 0.17506705184958088
  n_iter_no_change: null
  tol: 5.8272991532420894e-05
  random_state: 2023
  warm_start: false
  verbose: 0
seed: 2023
cv_n_splits: 5
cv_n_repeats: 10
preprocessing_config:
  eps: 1.0e-06
  min_speed: 0.01
  max_hours: 9999.0
