model_type: coxnet
model_params:
  l1_ratio: 0.8955865995639609
  alpha_min_ratio: 0.06527328002104106
  n_alphas: 194
  max_iter: 19576
  tol: 3.763582866690242e-05
seed: 42
cv_n_splits: 5
cv_n_repeats: 10
preprocessing_config:
  eps: 1.0e-06
  min_speed: 0.01
  max_hours: 9999.0
