seed: 42
cv_n_splits: 5
cv_n_repeats: 10
gbsa_config:
  loss: coxph
  n_estimators: 493
  learning_rate: 0.09710515200744059
  subsample: 0.7976159138135207
  max_depth: 5
  max_features: 0.3
  max_leaf_nodes: null
  min_samples_split: 8
  min_samples_leaf: 3
  min_weight_fraction_leaf: 0.0
  min_impurity_decrease: 0.03890683610565087
  criterion: friedman_mse
  ccp_alpha: 0.005977860660152523
  dropout_rate: 0.05690787344546741
  validation_fraction: 0.146175444786266
  n_iter_no_change: null
  tol: 0.00865344107710209
  random_state: 42
  warm_start: false
  verbose: 0
preprocessing_config:
  eps: 1.0e-06
  min_speed: 0.01
  max_hours: 9999.0
