model_type: gbsa
model_params:
  loss: coxph
  n_estimators: 487
  learning_rate: 0.05859015577587395
  subsample: 0.7314010235693963
  max_depth: 1
  max_features: 0.7
  max_leaf_nodes: 31
  min_samples_split: 20
  min_samples_leaf: 7
  min_weight_fraction_leaf: 0.0
  min_impurity_decrease: 0.03372502068224372
  criterion: friedman_mse
  ccp_alpha: 9.415957038575205e-08
  dropout_rate: 0.049084438952812066
  validation_fraction: 0.15625692698243468
  n_iter_no_change: null
  tol: 1.2475536329564173e-05
  random_state: 2023
  warm_start: false
  verbose: 0
seed: 2023
cv_n_splits: 5
cv_n_repeats: 10
preprocessing_config:
  eps: 1.0e-06
  min_speed: 0.01
  max_hours: 9999.0
