model_type: coxnet
model_params:
  l1_ratio: 0.9734790515299353
  alpha_min_ratio: 0.07368463214588294
  n_alphas: 275
  max_iter: 16008
  tol: 1.2074615720850812e-05
seed: 1024
cv_n_splits: 5
cv_n_repeats: 10
preprocessing_config:
  eps: 1.0e-06
  min_speed: 0.01
  max_hours: 9999.0
