model_type: gbsa
model_params:
  loss: coxph
  n_estimators: 137
  learning_rate: 0.05381864282686663
  subsample: 0.6380822307912443
  max_depth: 1
  max_features: null
  max_leaf_nodes: 31
  min_samples_split: 2
  min_samples_leaf: 10
  min_weight_fraction_leaf: 0.0
  min_impurity_decrease: 0.02359712133553851
  criterion: friedman_mse
  ccp_alpha: 0.09893654962417389
  dropout_rate: 0.020382547073431283
  validation_fraction: 0.15938222493217452
  n_iter_no_change: null
  tol: 0.00048137044322615744
  random_state: 1024
  warm_start: false
  verbose: 0
seed: 1024
cv_n_splits: 5
cv_n_repeats: 10
preprocessing_config:
  eps: 1.0e-06
  min_speed: 0.01
  max_hours: 9999.0
