model_type: gbsa
model_params:
  loss: coxph
  n_estimators: 257
  learning_rate: 0.07371587757159392
  subsample: 0.6232069271744798
  max_depth: 2
  max_features: null
  max_leaf_nodes: 31
  min_samples_split: 4
  min_samples_leaf: 10
  min_weight_fraction_leaf: 0.0
  min_impurity_decrease: 0.02689028608414555
  criterion: friedman_mse
  ccp_alpha: 0.020235288261061215
  dropout_rate: 0.0068769699101082025
  validation_fraction: 0.1524100068899304
  n_iter_no_change: null
  tol: 0.0004679111826348589
  random_state: 1024
  warm_start: false
  verbose: 0
seed: 1024
cv_n_splits: 5
cv_n_repeats: 10
preprocessing_config:
  eps: 1.0e-06
  min_speed: 0.01
  max_hours: 9999.0
