model_type: coxnet
model_params:
  l1_ratio: 0.8923460885659416
  alpha_min_ratio: 0.07140408636100933
  n_alphas: 152
  max_iter: 13695
  tol: 8.486265486168711e-07
seed: 777
cv_n_splits: 5
cv_n_repeats: 10
preprocessing_config:
  eps: 1.0e-06
  min_speed: 0.01
  max_hours: 9999.0
