seed: 42
cv_n_splits: 5
cv_n_repeats: 10
gbsa_config:
  loss: coxph
  n_estimators: 359
  learning_rate: 0.1550978682558461
  subsample: 0.6894911248580683
  max_depth: 6
  max_features: 0.3
  max_leaf_nodes: 31
  min_samples_split: 3
  min_samples_leaf: 6
  min_weight_fraction_leaf: 0.0
  min_impurity_decrease: 0.029957195961238324
  criterion: friedman_mse
  ccp_alpha: 0.005787390795958391
  dropout_rate: 0.12508925952320746
  validation_fraction: 0.18695638358199435
  n_iter_no_change: null
  tol: 0.0008681772386997146
  random_state: 42
  warm_start: false
  verbose: 0
preprocessing_config:
  eps: 1.0e-06
  min_speed: 0.01
  max_hours: 9999.0
