model_type: gbsa
model_params:
  loss: coxph
  n_estimators: 200
  learning_rate: 0.04185834543089282
  subsample: 0.5638634340469842
  max_depth: 4
  max_features: sqrt
  max_leaf_nodes: null
  min_samples_split: 5
  min_samples_leaf: 19
  min_weight_fraction_leaf: 0.0
  min_impurity_decrease: 0.044168630170196184
  criterion: friedman_mse
  ccp_alpha: 0.0003936642704806017
  dropout_rate: 0.0988216307953925
  validation_fraction: 0.23571715497545057
  n_iter_no_change: null
  tol: 5.053737724777961e-05
  random_state: 777
  warm_start: false
  verbose: 0
seed: 777
cv_n_splits: 5
cv_n_repeats: 10
preprocessing_config:
  eps: 1.0e-06
  min_speed: 0.01
  max_hours: 9999.0
