model_type: gbsa
model_params:
  loss: coxph
  n_estimators: 443
  learning_rate: 0.050140227899174196
  subsample: 0.8816487089568453
  max_depth: 5
  max_features: 0.3
  max_leaf_nodes: 16
  min_samples_split: 13
  min_samples_leaf: 1
  min_weight_fraction_leaf: 0.0
  min_impurity_decrease: 0.043021965251036416
  criterion: friedman_mse
  ccp_alpha: 0.0034380666728520267
  dropout_rate: 0.00023469808762526748
  validation_fraction: 0.26236931265580327
  n_iter_no_change: 20
  tol: 6.048618808966984e-05
  random_state: 1024
  warm_start: false
  verbose: 0
seed: 1024
cv_n_splits: 5
cv_n_repeats: 10
preprocessing_config:
  eps: 1.0e-06
  min_speed: 0.01
  max_hours: 9999.0
