model_type: coxnet
model_params:
  l1_ratio: 0.83316961858909
  alpha_min_ratio: 0.04585618823660673
  n_alphas: 294
  max_iter: 10639
  tol: 2.5459104589058326e-08
seed: 2023
cv_n_splits: 5
cv_n_repeats: 10
preprocessing_config:
  eps: 1.0e-06
  min_speed: 0.01
  max_hours: 9999.0
