model_type: coxnet
model_params:
  l1_ratio: 0.9205866783336412
  alpha_min_ratio: 0.04653055773196365
  n_alphas: 104
  max_iter: 14577
  tol: 1.0377602988931598e-06
seed: 777
cv_n_splits: 5
cv_n_repeats: 10
preprocessing_config:
  eps: 1.0e-06
  min_speed: 0.01
  max_hours: 9999.0
