model_type: coxnet
model_params:
  l1_ratio: 0.9815614943285216
  alpha_min_ratio: 0.06039350402211773
  n_alphas: 214
  max_iter: 1444
  tol: 4.4152080781565146e-05
seed: 42
cv_n_splits: 5
cv_n_repeats: 10
preprocessing_config:
  eps: 1.0e-06
  min_speed: 0.01
  max_hours: 9999.0
