model_type: coxnet
model_params:
  l1_ratio: 0.9433710625492303
  alpha_min_ratio: 0.07358406481742134
  n_alphas: 131
  max_iter: 15658
  tol: 5.544301781647811e-08
seed: 1024
cv_n_splits: 5
cv_n_repeats: 10
preprocessing_config:
  eps: 1.0e-06
  min_speed: 0.01
  max_hours: 9999.0
