model_type: coxnet
model_params:
  l1_ratio: 0.9897046883786569
  alpha_min_ratio: 0.04416858722205928
  n_alphas: 287
  max_iter: 19773
  tol: 2.4496138623881956e-05
seed: 2023
cv_n_splits: 5
cv_n_repeats: 10
preprocessing_config:
  eps: 1.0e-06
  min_speed: 0.01
  max_hours: 9999.0
