model_type: coxnet
model_params:
  l1_ratio: 0.8194267059030254
  alpha_min_ratio: 0.03940556607364232
  n_alphas: 54
  max_iter: 13407
  tol: 4.284651825443199e-05
seed: 2023
cv_n_splits: 5
cv_n_repeats: 10
preprocessing_config:
  eps: 1.0e-06
  min_speed: 0.01
  max_hours: 9999.0
