model_type: gbsa
model_params:
  loss: coxph
  n_estimators: 328
  learning_rate: 0.08258760020537947
  subsample: 0.8043534948760441
  max_depth: 6
  max_features: 0.3
  max_leaf_nodes: 8
  min_samples_split: 7
  min_samples_leaf: 17
  min_weight_fraction_leaf: 0.0
  min_impurity_decrease: 0.04371693589506362
  criterion: friedman_mse
  ccp_alpha: 0.00092731586979946
  dropout_rate: 0.18994679133079007
  validation_fraction: 0.27080203350502846
  n_iter_no_change: 20
  tol: 2.3232140570674787e-05
  random_state: 777
  warm_start: false
  verbose: 0
seed: 777
cv_n_splits: 5
cv_n_repeats: 10
preprocessing_config:
  eps: 1.0e-06
  min_speed: 0.01
  max_hours: 9999.0
