model_type: coxnet
model_params:
  l1_ratio: 0.47343303301996587
  alpha_min_ratio: 0.03516968418976514
  n_alphas: 290
  max_iter: 1498
  tol: 3.1639380531259685e-07
seed: 42
cv_n_splits: 5
cv_n_repeats: 10
preprocessing_config:
  eps: 1.0e-06
  min_speed: 0.01
  max_hours: 9999.0
