model_type: coxnet
model_params:
  l1_ratio: 0.9696492210209696
  alpha_min_ratio: 0.0500971525019684
  n_alphas: 265
  max_iter: 14807
  tol: 1.8432153548821067e-06
seed: 42
cv_n_splits: 5
cv_n_repeats: 10
preprocessing_config:
  eps: 1.0e-06
  min_speed: 0.01
  max_hours: 9999.0
