model_type: gbsa
model_params:
  loss: coxph
  n_estimators: 185
  learning_rate: 0.019553744656277752
  subsample: 0.5722992649460059
  max_depth: 1
  max_features: 0.3
  max_leaf_nodes: 31
  min_samples_split: 7
  min_samples_leaf: 7
  min_weight_fraction_leaf: 0.0
  min_impurity_decrease: 0.033021864246675865
  criterion: friedman_mse
  ccp_alpha: 0.044181770304293336
  dropout_rate: 0.07306845225524229
  validation_fraction: 0.2133663487395438
  n_iter_no_change: null
  tol: 0.00023179616149596283
  random_state: 1024
  warm_start: false
  verbose: 0
seed: 1024
cv_n_splits: 5
cv_n_repeats: 10
preprocessing_config:
  eps: 1.0e-06
  min_speed: 0.01
  max_hours: 9999.0
