model_type: coxnet
model_params:
  l1_ratio: 0.8256760587392344
  alpha_min_ratio: 0.06215767073836604
  n_alphas: 174
  max_iter: 12087
  tol: 7.4312326904869405e-06
seed: 777
cv_n_splits: 5
cv_n_repeats: 10
preprocessing_config:
  eps: 1.0e-06
  min_speed: 0.01
  max_hours: 9999.0
