model_type: coxnet
model_params:
  l1_ratio: 0.9553531941580583
  alpha_min_ratio: 0.09276769093461096
  n_alphas: 291
  max_iter: 12909
  tol: 4.9972819668043e-08
seed: 2023
cv_n_splits: 5
cv_n_repeats: 10
preprocessing_config:
  eps: 1.0e-06
  min_speed: 0.01
  max_hours: 9999.0
