model_type: gbsa
model_params:
  loss: coxph
  n_estimators: 307
  learning_rate: 0.130528012440554
  subsample: 0.7383004116464132
  max_depth: 6
  max_features: sqrt
  max_leaf_nodes: 31
  min_samples_split: 5
  min_samples_leaf: 10
  min_weight_fraction_leaf: 0.0
  min_impurity_decrease: 0.03736500585640243
  criterion: friedman_mse
  ccp_alpha: 0.010024088197892564
  dropout_rate: 0.12617432528365077
  validation_fraction: 0.26521872253473683
  n_iter_no_change: null
  tol: 3.8326196960424775e-05
  random_state: 42
  warm_start: false
  verbose: 0
seed: 42
cv_n_splits: 5
cv_n_repeats: 10
preprocessing_config:
  eps: 1.0e-06
  min_speed: 0.01
  max_hours: 9999.0
