model_type: coxnet
model_params:
  l1_ratio: 0.8291196596888994
  alpha_min_ratio: 0.020675312859282268
  n_alphas: 275
  max_iter: 11561
  tol: 8.639098089060374e-06
seed: 777
cv_n_splits: 5
cv_n_repeats: 10
preprocessing_config:
  eps: 1.0e-06
  min_speed: 0.01
  max_hours: 9999.0
