model_type: coxnet
model_params:
  l1_ratio: 0.9966351156761759
  alpha_min_ratio: 0.0567564366131434
  n_alphas: 163
  max_iter: 496
  tol: 7.785434321581234e-05
seed: 42
cv_n_splits: 5
cv_n_repeats: 10
preprocessing_config:
  eps: 1.0e-06
  min_speed: 0.01
  max_hours: 9999.0
