model_type: coxnet
model_params:
  l1_ratio: 0.9747653061959262
  alpha_min_ratio: 0.07585103900257269
  n_alphas: 172
  max_iter: 16474
  tol: 3.045208288584822e-06
seed: 777
cv_n_splits: 5
cv_n_repeats: 10
preprocessing_config:
  eps: 1.0e-06
  min_speed: 0.01
  max_hours: 9999.0
