model_type: coxnet
model_params:
  l1_ratio: 0.8113670161947121
  alpha_min_ratio: 0.032743431545050106
  n_alphas: 294
  max_iter: 2352
  tol: 3.8075194966461836e-07
seed: 777
cv_n_splits: 5
cv_n_repeats: 10
preprocessing_config:
  eps: 1.0e-06
  min_speed: 0.01
  max_hours: 9999.0
