model_type: coxnet
model_params:
  l1_ratio: 0.834811345840368
  alpha_min_ratio: 0.06513582179687084
  n_alphas: 164
  max_iter: 12057
  tol: 2.409711229920851e-07
seed: 777
cv_n_splits: 5
cv_n_repeats: 10
preprocessing_config:
  eps: 1.0e-06
  min_speed: 0.01
  max_hours: 9999.0
