model_type: gbsa
model_params:
  loss: coxph
  n_estimators: 317
  learning_rate: 0.11219623686863225
  subsample: 0.7401737800069599
  max_depth: 2
  max_features: log2
  max_leaf_nodes: 31
  min_samples_split: 17
  min_samples_leaf: 12
  min_weight_fraction_leaf: 0.0
  min_impurity_decrease: 0.021252516160706083
  criterion: friedman_mse
  ccp_alpha: 0.001477551634696503
  dropout_rate: 0.0031097845369321628
  validation_fraction: 0.14999805277822412
  n_iter_no_change: 10
  tol: 5.4817539194878986e-05
  random_state: 777
  warm_start: false
  verbose: 0
seed: 777
cv_n_splits: 5
cv_n_repeats: 10
preprocessing_config:
  eps: 1.0e-06
  min_speed: 0.01
  max_hours: 9999.0
