model_type: coxnet
model_params:
  l1_ratio: 0.15711627363057412
  alpha_min_ratio: 0.08441870375604019
  n_alphas: 280
  max_iter: 11996
  tol: 1.6464942221696868e-05
seed: 1024
cv_n_splits: 5
cv_n_repeats: 10
preprocessing_config:
  eps: 1.0e-06
  min_speed: 0.01
  max_hours: 9999.0
