model_type: coxnet
model_params:
  l1_ratio: 0.146488653942287
  alpha_min_ratio: 0.05313000062322229
  n_alphas: 80
  max_iter: 19400
  tol: 2.9104252750862474e-06
seed: 2023
cv_n_splits: 5
cv_n_repeats: 10
preprocessing_config:
  eps: 1.0e-06
  min_speed: 0.01
  max_hours: 9999.0
