model_type: coxnet
model_params:
  l1_ratio: 0.9447513247442464
  alpha_min_ratio: 0.08405099884129752
  n_alphas: 138
  max_iter: 17290
  tol: 5.9458044152477593e-08
seed: 1024
cv_n_splits: 5
cv_n_repeats: 10
preprocessing_config:
  eps: 1.0e-06
  min_speed: 0.01
  max_hours: 9999.0
