model_type: coxnet
model_params:
  l1_ratio: 0.9787348045473275
  alpha_min_ratio: 0.05325685435818127
  n_alphas: 77
  max_iter: 18076
  tol: 1.473189983174662e-07
seed: 777
cv_n_splits: 5
cv_n_repeats: 10
preprocessing_config:
  eps: 1.0e-06
  min_speed: 0.01
  max_hours: 9999.0
