model_type: coxnet
model_params:
  l1_ratio: 0.9756786239106847
  alpha_min_ratio: 0.09519851865993235
  n_alphas: 178
  max_iter: 8813
  tol: 6.72712469084054e-05
seed: 777
cv_n_splits: 5
cv_n_repeats: 10
preprocessing_config:
  eps: 1.0e-06
  min_speed: 0.01
  max_hours: 9999.0
