model_type: coxnet
model_params:
  l1_ratio: 0.998298590918766
  alpha_min_ratio: 0.054443140903377533
  n_alphas: 291
  max_iter: 580
  tol: 7.065328144545844e-05
seed: 42
cv_n_splits: 5
cv_n_repeats: 10
preprocessing_config:
  eps: 1.0e-06
  min_speed: 0.01
  max_hours: 9999.0
