model_type: coxnet
model_params:
  l1_ratio: 0.9006724819414215
  alpha_min_ratio: 0.035435212761664094
  n_alphas: 288
  max_iter: 13156
  tol: 9.946926994267522e-05
seed: 42
cv_n_splits: 5
cv_n_repeats: 10
preprocessing_config:
  eps: 1.0e-06
  min_speed: 0.01
  max_hours: 9999.0
