model_type: gbsa
model_params:
  loss: coxph
  n_estimators: 63
  learning_rate: 0.1173671794030765
  subsample: 0.9308541713007854
  max_depth: 3
  max_features: 0.3
  max_leaf_nodes: 31
  min_samples_split: 19
  min_samples_leaf: 6
  min_weight_fraction_leaf: 0.0
  min_impurity_decrease: 0.017358618044881712
  criterion: friedman_mse
  ccp_alpha: 9.600980100231548e-05
  dropout_rate: 0.0683397099207769
  validation_fraction: 0.2233463364629476
  n_iter_no_change: null
  tol: 0.00022728185925179184
  random_state: 1024
  warm_start: false
  verbose: 0
seed: 1024
cv_n_splits: 5
cv_n_repeats: 10
preprocessing_config:
  eps: 1.0e-06
  min_speed: 0.01
  max_hours: 9999.0
