model_type: coxnet
model_params:
  l1_ratio: 0.8864379159297234
  alpha_min_ratio: 0.08511025585427684
  n_alphas: 277
  max_iter: 1962
  tol: 4.034789643092955e-05
seed: 42
cv_n_splits: 5
cv_n_repeats: 10
preprocessing_config:
  eps: 1.0e-06
  min_speed: 0.01
  max_hours: 9999.0
