model_type: coxnet
model_params:
  l1_ratio: 0.6476912306619782
  alpha_min_ratio: 0.0978905434658757
  n_alphas: 180
  max_iter: 13504
  tol: 2.4903127240467762e-06
seed: 1024
cv_n_splits: 5
cv_n_repeats: 10
preprocessing_config:
  eps: 1.0e-06
  min_speed: 0.01
  max_hours: 9999.0
