model_type: gbsa
model_params:
  loss: coxph
  n_estimators: 412
  learning_rate: 0.08036942502173347
  subsample: 0.5623812497533749
  max_depth: 1
  max_features: 1.0
  max_leaf_nodes: 31
  min_samples_split: 11
  min_samples_leaf: 20
  min_weight_fraction_leaf: 0.0
  min_impurity_decrease: 0.0011344615871381764
  criterion: friedman_mse
  ccp_alpha: 6.2427281140493605e-06
  dropout_rate: 0.0007567486904366188
  validation_fraction: 0.18899698541695084
  n_iter_no_change: null
  tol: 0.0008204259667406351
  random_state: 2023
  warm_start: false
  verbose: 0
seed: 2023
cv_n_splits: 5
cv_n_repeats: 10
preprocessing_config:
  eps: 1.0e-06
  min_speed: 0.01
  max_hours: 9999.0
