model_type: coxnet
model_params:
  l1_ratio: 0.9714197771687111
  alpha_min_ratio: 0.05411512348254051
  n_alphas: 135
  max_iter: 15334
  tol: 3.2990191764992777e-07
seed: 2023
cv_n_splits: 5
cv_n_repeats: 10
preprocessing_config:
  eps: 1.0e-06
  min_speed: 0.01
  max_hours: 9999.0
