model_type: coxnet
model_params:
  l1_ratio: 0.41292421256415823
  alpha_min_ratio: 0.00014112406350678405
  n_alphas: 131
  max_iter: 19793
  tol: 3.4469858184436103e-05
seed: 42
cv_n_splits: 5
cv_n_repeats: 10
preprocessing_config:
  eps: 1.0e-06
  min_speed: 0.01
  max_hours: 9999.0
