model_type: coxnet
model_params:
  l1_ratio: 0.020584494295802447
  alpha_min_ratio: 0.0812324508558869
  n_alphas: 258
  max_iter: 503
  tol: 5.337032762603946e-08
seed: 42
cv_n_splits: 5
cv_n_repeats: 10
preprocessing_config:
  eps: 1.0e-06
  min_speed: 0.01
  max_hours: 9999.0
