model_type: coxnet
model_params:
  l1_ratio: 0.8355280983966252
  alpha_min_ratio: 0.006110389672120188
  n_alphas: 298
  max_iter: 12424
  tol: 2.3178116326487314e-06
seed: 42
cv_n_splits: 5
cv_n_repeats: 10
preprocessing_config:
  eps: 1.0e-06
  min_speed: 0.01
  max_hours: 9999.0
