model_type: coxnet
model_params:
  l1_ratio: 0.9448133902606738
  alpha_min_ratio: 0.0706017515821881
  n_alphas: 257
  max_iter: 1720
  tol: 3.162556714285506e-05
seed: 42
cv_n_splits: 5
cv_n_repeats: 10
preprocessing_config:
  eps: 1.0e-06
  min_speed: 0.01
  max_hours: 9999.0
