model_type: coxnet
model_params:
  l1_ratio: 0.2576992078829217
  alpha_min_ratio: 0.00020168352065911714
  n_alphas: 252
  max_iter: 19574
  tol: 8.666104661061529e-05
seed: 2023
cv_n_splits: 5
cv_n_repeats: 10
preprocessing_config:
  eps: 1.0e-06
  min_speed: 0.01
  max_hours: 9999.0
