model_type: gbsa
model_params:
  loss: coxph
  n_estimators: 180
  learning_rate: 0.016240329342994117
  subsample: 0.6193039792365522
  max_depth: 6
  max_features: null
  max_leaf_nodes: null
  min_samples_split: 14
  min_samples_leaf: 16
  min_weight_fraction_leaf: 0.0
  min_impurity_decrease: 0.039823098930836916
  criterion: friedman_mse
  ccp_alpha: 0.017010006167781196
  dropout_rate: 0.011875716726040875
  validation_fraction: 0.22480296104790123
  n_iter_no_change: 10
  tol: 0.002939101839975183
  random_state: 1024
  warm_start: false
  verbose: 0
seed: 1024
cv_n_splits: 5
cv_n_repeats: 10
preprocessing_config:
  eps: 1.0e-06
  min_speed: 0.01
  max_hours: 9999.0
