model_type: coxnet
model_params:
  l1_ratio: 0.9569915384339622
  alpha_min_ratio: 0.07359411982152932
  n_alphas: 209
  max_iter: 1726
  tol: 5.756836427412763e-05
seed: 42
cv_n_splits: 5
cv_n_repeats: 10
preprocessing_config:
  eps: 1.0e-06
  min_speed: 0.01
  max_hours: 9999.0
