model_type: coxnet
model_params:
  l1_ratio: 0.7065717199211061
  alpha_min_ratio: 0.03666677623444437
  n_alphas: 275
  max_iter: 7637
  tol: 1.8285807505861568e-07
seed: 42
cv_n_splits: 5
cv_n_repeats: 10
preprocessing_config:
  eps: 1.0e-06
  min_speed: 0.01
  max_hours: 9999.0
