model_type: coxnet
model_params:
  l1_ratio: 0.8169737335985543
  alpha_min_ratio: 0.07629772597479853
  n_alphas: 118
  max_iter: 18742
  tol: 1.2444869080285636e-07
seed: 2023
cv_n_splits: 5
cv_n_repeats: 10
preprocessing_config:
  eps: 1.0e-06
  min_speed: 0.01
  max_hours: 9999.0
