model_type: coxnet
model_params:
  l1_ratio: 0.9371320055008537
  alpha_min_ratio: 0.002456094036190361
  n_alphas: 64
  max_iter: 15370
  tol: 2.9515791919387108e-08
seed: 777
cv_n_splits: 5
cv_n_repeats: 10
preprocessing_config:
  eps: 1.0e-06
  min_speed: 0.01
  max_hours: 9999.0
