model_type: coxnet
model_params:
  l1_ratio: 0.8983123114829117
  alpha_min_ratio: 0.040766316649124903
  n_alphas: 285
  max_iter: 19992
  tol: 7.70923278866678e-05
seed: 1024
cv_n_splits: 5
cv_n_repeats: 10
preprocessing_config:
  eps: 1.0e-06
  min_speed: 0.01
  max_hours: 9999.0
