model_type: gbsa
model_params:
  loss: coxph
  n_estimators: 185
  learning_rate: 0.19653805178799424
  subsample: 0.5623187237450301
  max_depth: 5
  max_features: null
  max_leaf_nodes: 8
  min_samples_split: 8
  min_samples_leaf: 6
  min_weight_fraction_leaf: 0.0
  min_impurity_decrease: 0.030490529028749866
  criterion: friedman_mse
  ccp_alpha: 5.597674379967418e-07
  dropout_rate: 0.05284747652239494
  validation_fraction: 0.27953123849483946
  n_iter_no_change: 5
  tol: 6.14589432732273e-05
  random_state: 777
  warm_start: false
  verbose: 0
seed: 777
cv_n_splits: 5
cv_n_repeats: 10
preprocessing_config:
  eps: 1.0e-06
  min_speed: 0.01
  max_hours: 9999.0
