model_type: coxnet
model_params:
  l1_ratio: 0.8037297197719289
  alpha_min_ratio: 0.08749651716948464
  n_alphas: 109
  max_iter: 19654
  tol: 1.3847691386876717e-05
seed: 1024
cv_n_splits: 5
cv_n_repeats: 10
preprocessing_config:
  eps: 1.0e-06
  min_speed: 0.01
  max_hours: 9999.0
