model_type: coxnet
model_params:
  l1_ratio: 0.5535871728751774
  alpha_min_ratio: 0.04126511779130648
  n_alphas: 246
  max_iter: 1599
  tol: 2.174854233621463e-06
seed: 42
cv_n_splits: 5
cv_n_repeats: 10
preprocessing_config:
  eps: 1.0e-06
  min_speed: 0.01
  max_hours: 9999.0
