model_type: coxnet
model_params:
  l1_ratio: 0.9610088886583881
  alpha_min_ratio: 0.08870144980051552
  n_alphas: 210
  max_iter: 14151
  tol: 7.986431763373099e-06
seed: 42
cv_n_splits: 5
cv_n_repeats: 10
preprocessing_config:
  eps: 1.0e-06
  min_speed: 0.01
  max_hours: 9999.0
