model_type: gbsa
model_params:
  loss: coxph
  n_estimators: 324
  learning_rate: 0.0267680870310719
  subsample: 0.9020721705439455
  max_depth: 4
  max_features: 0.3
  max_leaf_nodes: 63
  min_samples_split: 4
  min_samples_leaf: 4
  min_weight_fraction_leaf: 0.0
  min_impurity_decrease: 0.04712858649630996
  criterion: friedman_mse
  ccp_alpha: 0.03495484187589618
  dropout_rate: 0.06078620416017289
  validation_fraction: 0.2502038414208727
  n_iter_no_change: null
  tol: 0.0001365600997807229
  random_state: 1024
  warm_start: false
  verbose: 0
seed: 1024
cv_n_splits: 5
cv_n_repeats: 10
preprocessing_config:
  eps: 1.0e-06
  min_speed: 0.01
  max_hours: 9999.0
