model_type: gbsa
model_params:
  loss: coxph
  n_estimators: 336
  learning_rate: 0.10155454915350141
  subsample: 0.7478324758925493
  max_depth: 6
  max_features: 0.7
  max_leaf_nodes: 31
  min_samples_split: 10
  min_samples_leaf: 1
  min_weight_fraction_leaf: 0.0
  min_impurity_decrease: 0.03300035907089551
  criterion: friedman_mse
  ccp_alpha: 0.027072894855749638
  dropout_rate: 0.06119703504628212
  validation_fraction: 0.2308301018889867
  n_iter_no_change: null
  tol: 3.771139689509696e-05
  random_state: 42
  warm_start: false
  verbose: 0
seed: 42
cv_n_splits: 5
cv_n_repeats: 10
preprocessing_config:
  eps: 1.0e-06
  min_speed: 0.01
  max_hours: 9999.0
