model_type: coxnet
model_params:
  l1_ratio: 0.993310008981244
  alpha_min_ratio: 0.017932691298063727
  n_alphas: 292
  max_iter: 6975
  tol: 2.9790480395099227e-05
seed: 777
cv_n_splits: 5
cv_n_repeats: 10
preprocessing_config:
  eps: 1.0e-06
  min_speed: 0.01
  max_hours: 9999.0
