model_type: coxnet
model_params:
  l1_ratio: 0.9248038005106289
  alpha_min_ratio: 0.024655594109529094
  n_alphas: 290
  max_iter: 576
  tol: 5.4288085207307286e-06
seed: 42
cv_n_splits: 5
cv_n_repeats: 10
preprocessing_config:
  eps: 1.0e-06
  min_speed: 0.01
  max_hours: 9999.0
