model_type: coxnet
model_params:
  l1_ratio: 0.9496342967084638
  alpha_min_ratio: 0.0825143712888483
  n_alphas: 231
  max_iter: 9426
  tol: 4.3022930816591476e-06
seed: 2023
cv_n_splits: 5
cv_n_repeats: 10
preprocessing_config:
  eps: 1.0e-06
  min_speed: 0.01
  max_hours: 9999.0
