model_type: coxnet
model_params:
  l1_ratio: 0.6943418037475764
  alpha_min_ratio: 0.0668285669887453
  n_alphas: 93
  max_iter: 16077
  tol: 5.4569747863502075e-05
seed: 777
cv_n_splits: 5
cv_n_repeats: 10
preprocessing_config:
  eps: 1.0e-06
  min_speed: 0.01
  max_hours: 9999.0
