model_type: gbsa
model_params:
  loss: coxph
  n_estimators: 107
  learning_rate: 0.07752295976204199
  subsample: 0.9553219154732501
  max_depth: 4
  max_features: 0.3
  max_leaf_nodes: 16
  min_samples_split: 20
  min_samples_leaf: 5
  min_weight_fraction_leaf: 0.0
  min_impurity_decrease: 0.034774136991120974
  criterion: friedman_mse
  ccp_alpha: 0.00016749580134863687
  dropout_rate: 0.013569943681328332
  validation_fraction: 0.2934508522365895
  n_iter_no_change: 20
  tol: 0.004696602559960149
  random_state: 1024
  warm_start: false
  verbose: 0
seed: 1024
cv_n_splits: 5
cv_n_repeats: 10
preprocessing_config:
  eps: 1.0e-06
  min_speed: 0.01
  max_hours: 9999.0
