model_type: coxnet
model_params:
  l1_ratio: 0.8967867054240527
  alpha_min_ratio: 0.027293369765052113
  n_alphas: 129
  max_iter: 15466
  tol: 1.351672094558871e-06
seed: 777
cv_n_splits: 5
cv_n_repeats: 10
preprocessing_config:
  eps: 1.0e-06
  min_speed: 0.01
  max_hours: 9999.0
