model_type: coxnet
model_params:
  l1_ratio: 0.9473693285387277
  alpha_min_ratio: 0.07617038366063937
  n_alphas: 80
  max_iter: 13706
  tol: 1.8577240264423684e-06
seed: 777
cv_n_splits: 5
cv_n_repeats: 10
preprocessing_config:
  eps: 1.0e-06
  min_speed: 0.01
  max_hours: 9999.0
