seed: 42
cv_n_splits: 5
cv_n_repeats: 10
gbsa_config:
  loss: coxph
  n_estimators: 383
  learning_rate: 0.04527717871611063
  subsample: 0.8265946707278259
  max_depth: 5
  max_features: 0.3
  max_leaf_nodes: null
  min_samples_split: 7
  min_samples_leaf: 9
  min_weight_fraction_leaf: 0.0
  min_impurity_decrease: 0.022508047891862688
  criterion: friedman_mse
  ccp_alpha: 0.00011861869208198641
  dropout_rate: 0.059241988868141714
  validation_fraction: 0.1402249397773657
  n_iter_no_change: 5
  tol: 0.0019099350020762296
  random_state: 42
  warm_start: false
  verbose: 0
preprocessing_config:
  eps: 1.0e-06
  min_speed: 0.01
  max_hours: 9999.0
