model_type: coxnet
model_params:
  l1_ratio: 0.9155707966099338
  alpha_min_ratio: 0.06468059878766541
  n_alphas: 243
  max_iter: 1597
  tol: 6.54258164771828e-06
seed: 42
cv_n_splits: 5
cv_n_repeats: 10
preprocessing_config:
  eps: 1.0e-06
  min_speed: 0.01
  max_hours: 9999.0
