model_type: coxnet
model_params:
  l1_ratio: 0.8574619014828239
  alpha_min_ratio: 0.09624615486530211
  n_alphas: 164
  max_iter: 17253
  tol: 2.3065893716076747e-07
seed: 2023
cv_n_splits: 5
cv_n_repeats: 10
preprocessing_config:
  eps: 1.0e-06
  min_speed: 0.01
  max_hours: 9999.0
