model_type: coxnet
model_params:
  l1_ratio: 0.9832003857507017
  alpha_min_ratio: 0.09205666874826575
  n_alphas: 103
  max_iter: 15005
  tol: 2.8617822967904538e-05
seed: 2023
cv_n_splits: 5
cv_n_repeats: 10
preprocessing_config:
  eps: 1.0e-06
  min_speed: 0.01
  max_hours: 9999.0
