model_type: coxnet
model_params:
  l1_ratio: 0.2161364604680513
  alpha_min_ratio: 0.00028465458513407424
  n_alphas: 293
  max_iter: 1852
  tol: 1.0685996825771573e-05
seed: 42
cv_n_splits: 5
cv_n_repeats: 10
preprocessing_config:
  eps: 1.0e-06
  min_speed: 0.01
  max_hours: 9999.0
