model_type: coxnet
model_params:
  l1_ratio: 0.6825164448176304
  alpha_min_ratio: 0.03075365633150094
  n_alphas: 218
  max_iter: 14203
  tol: 4.510574574939615e-05
seed: 42
cv_n_splits: 5
cv_n_repeats: 10
preprocessing_config:
  eps: 1.0e-06
  min_speed: 0.01
  max_hours: 9999.0
