model_type: coxnet
model_params:
  l1_ratio: 0.6093588025823073
  alpha_min_ratio: 0.0020975640782375533
  n_alphas: 51
  max_iter: 8813
  tol: 8.991126051612217e-06
seed: 42
cv_n_splits: 5
cv_n_repeats: 10
preprocessing_config:
  eps: 1.0e-06
  min_speed: 0.01
  max_hours: 9999.0
