model_type: gbsa
model_params:
  loss: coxph
  n_estimators: 455
  learning_rate: 0.044727420555869306
  subsample: 0.7548140101754828
  max_depth: 2
  max_features: 0.3
  max_leaf_nodes: 31
  min_samples_split: 11
  min_samples_leaf: 14
  min_weight_fraction_leaf: 0.0
  min_impurity_decrease: 0.014268295240120727
  criterion: friedman_mse
  ccp_alpha: 1.544033247722352e-08
  dropout_rate: 0.04431852354641567
  validation_fraction: 0.24409983158507462
  n_iter_no_change: null
  tol: 0.00020255344504329216
  random_state: 2023
  warm_start: false
  verbose: 0
seed: 2023
cv_n_splits: 5
cv_n_repeats: 10
preprocessing_config:
  eps: 1.0e-06
  min_speed: 0.01
  max_hours: 9999.0
