model_type: gbsa
model_params:
  loss: coxph
  n_estimators: 395
  learning_rate: 0.17850074453656012
  subsample: 0.9371755034042564
  max_depth: 4
  max_features: 1.0
  max_leaf_nodes: 8
  min_samples_split: 3
  min_samples_leaf: 1
  min_weight_fraction_leaf: 0.0
  min_impurity_decrease: 0.025211995686084527
  criterion: friedman_mse
  ccp_alpha: 6.638315046383753e-05
  dropout_rate: 0.07428417380591792
  validation_fraction: 0.26977704910170475
  n_iter_no_change: 20
  tol: 6.061881777333527e-05
  random_state: 42
  warm_start: false
  verbose: 0
seed: 42
cv_n_splits: 5
cv_n_repeats: 10
preprocessing_config:
  eps: 1.0e-06
  min_speed: 0.01
  max_hours: 9999.0
