model_type: coxnet
model_params:
  l1_ratio: 0.7639579042141526
  alpha_min_ratio: 0.0557051423970944
  n_alphas: 284
  max_iter: 16416
  tol: 1.8706616803743436e-05
seed: 42
cv_n_splits: 5
cv_n_repeats: 10
preprocessing_config:
  eps: 1.0e-06
  min_speed: 0.01
  max_hours: 9999.0
