model_type: coxnet
model_params:
  l1_ratio: 0.6521895108355076
  alpha_min_ratio: 0.083429485805795
  n_alphas: 241
  max_iter: 17778
  tol: 1.1728748338776872e-06
seed: 2023
cv_n_splits: 5
cv_n_repeats: 10
preprocessing_config:
  eps: 1.0e-06
  min_speed: 0.01
  max_hours: 9999.0
