model_type: coxnet
model_params:
  l1_ratio: 0.94088703365865
  alpha_min_ratio: 0.036827912789656
  n_alphas: 268
  max_iter: 16267
  tol: 5.2044018067218374e-05
seed: 1024
cv_n_splits: 5
cv_n_repeats: 10
preprocessing_config:
  eps: 1.0e-06
  min_speed: 0.01
  max_hours: 9999.0
