model_type: gbsa
model_params:
  loss: coxph
  n_estimators: 204
  learning_rate: 0.11790676343039165
  subsample: 0.5795807355539869
  max_depth: 2
  max_features: null
  max_leaf_nodes: null
  min_samples_split: 5
  min_samples_leaf: 5
  min_weight_fraction_leaf: 0.0
  min_impurity_decrease: 0.02559045078540891
  criterion: friedman_mse
  ccp_alpha: 0.01524376359834712
  dropout_rate: 0.08492828332609668
  validation_fraction: 0.17258159972088946
  n_iter_no_change: null
  tol: 0.0005289869889252323
  random_state: 1024
  warm_start: false
  verbose: 0
seed: 1024
cv_n_splits: 5
cv_n_repeats: 10
preprocessing_config:
  eps: 1.0e-06
  min_speed: 0.01
  max_hours: 9999.0
