model_type: coxnet
model_params:
  l1_ratio: 0.8207177618342779
  alpha_min_ratio: 0.08310252607149167
  n_alphas: 150
  max_iter: 14402
  tol: 4.04426260973159e-06
seed: 777
cv_n_splits: 5
cv_n_repeats: 10
preprocessing_config:
  eps: 1.0e-06
  min_speed: 0.01
  max_hours: 9999.0
