model_type: coxnet
model_params:
  l1_ratio: 0.5410146396189376
  alpha_min_ratio: 0.00015604277678273184
  n_alphas: 276
  max_iter: 5461
  tol: 3.0720617808139957e-06
seed: 2023
cv_n_splits: 5
cv_n_repeats: 10
preprocessing_config:
  eps: 1.0e-06
  min_speed: 0.01
  max_hours: 9999.0
