model_type: gbsa
model_params:
  loss: coxph
  n_estimators: 355
  learning_rate: 0.03557098111998729
  subsample: 0.5759262775888171
  max_depth: 4
  max_features: 1.0
  max_leaf_nodes: 8
  min_samples_split: 9
  min_samples_leaf: 10
  min_weight_fraction_leaf: 0.0
  min_impurity_decrease: 0.04742699230827282
  criterion: friedman_mse
  ccp_alpha: 5.2725228992694567e-08
  dropout_rate: 0.003550344253765242
  validation_fraction: 0.28989402221038985
  n_iter_no_change: 5
  tol: 0.00019678755891801256
  random_state: 777
  warm_start: false
  verbose: 0
seed: 777
cv_n_splits: 5
cv_n_repeats: 10
preprocessing_config:
  eps: 1.0e-06
  min_speed: 0.01
  max_hours: 9999.0
