model_type: gbsa
model_params:
  loss: coxph
  n_estimators: 269
  learning_rate: 0.052752622680577725
  subsample: 0.6335991070100169
  max_depth: 4
  max_features: 0.7
  max_leaf_nodes: 16
  min_samples_split: 12
  min_samples_leaf: 12
  min_weight_fraction_leaf: 0.0
  min_impurity_decrease: 0.01710905797666138
  criterion: friedman_mse
  ccp_alpha: 0.0015943282282658803
  dropout_rate: 0.027017820406897278
  validation_fraction: 0.18269875540722544
  n_iter_no_change: 20
  tol: 0.0007690970444299419
  random_state: 2023
  warm_start: false
  verbose: 0
seed: 2023
cv_n_splits: 5
cv_n_repeats: 10
preprocessing_config:
  eps: 1.0e-06
  min_speed: 0.01
  max_hours: 9999.0
