model_type: coxnet
model_params:
  l1_ratio: 0.8962200518262052
  alpha_min_ratio: 0.07285198448871176
  n_alphas: 65
  max_iter: 11813
  tol: 4.745542524455368e-08
seed: 777
cv_n_splits: 5
cv_n_repeats: 10
preprocessing_config:
  eps: 1.0e-06
  min_speed: 0.01
  max_hours: 9999.0
