model_type: gbsa
model_params:
  loss: coxph
  n_estimators: 404
  learning_rate: 0.1367345858595662
  subsample: 0.8920951685499305
  max_depth: 3
  max_features: 1.0
  max_leaf_nodes: 63
  min_samples_split: 17
  min_samples_leaf: 4
  min_weight_fraction_leaf: 0.0
  min_impurity_decrease: 0.03298353650641886
  criterion: friedman_mse
  ccp_alpha: 0.005356665079493489
  dropout_rate: 0.058876778948567646
  validation_fraction: 0.23821822726036535
  n_iter_no_change: null
  tol: 0.0006493298163497915
  random_state: 1024
  warm_start: false
  verbose: 0
seed: 1024
cv_n_splits: 5
cv_n_repeats: 10
preprocessing_config:
  eps: 1.0e-06
  min_speed: 0.01
  max_hours: 9999.0
