model_type: gbsa
model_params:
  loss: coxph
  n_estimators: 226
  learning_rate: 0.08826445612735881
  subsample: 0.6149449672663272
  max_depth: 3
  max_features: 0.5
  max_leaf_nodes: null
  min_samples_split: 16
  min_samples_leaf: 4
  min_weight_fraction_leaf: 0.0
  min_impurity_decrease: 0.04102971336080948
  criterion: friedman_mse
  ccp_alpha: 0.00014578049513354227
  dropout_rate: 0.0179951163322674
  validation_fraction: 0.23163757045833788
  n_iter_no_change: null
  tol: 0.0001405623425797185
  random_state: 777
  warm_start: false
  verbose: 0
seed: 777
cv_n_splits: 5
cv_n_repeats: 10
preprocessing_config:
  eps: 1.0e-06
  min_speed: 0.01
  max_hours: 9999.0
