model_type: coxnet
model_params:
  l1_ratio: 0.9919521480773082
  alpha_min_ratio: 0.0811212239972493
  n_alphas: 119
  max_iter: 1531
  tol: 3.2927279673670374e-07
seed: 42
cv_n_splits: 5
cv_n_repeats: 10
preprocessing_config:
  eps: 1.0e-06
  min_speed: 0.01
  max_hours: 9999.0
