model_type: gbsa
model_params:
  loss: coxph
  n_estimators: 479
  learning_rate: 0.0478844019964243
  subsample: 0.8428848086673475
  max_depth: 6
  max_features: sqrt
  max_leaf_nodes: 8
  min_samples_split: 6
  min_samples_leaf: 1
  min_weight_fraction_leaf: 0.0
  min_impurity_decrease: 0.028633989834378253
  criterion: friedman_mse
  ccp_alpha: 2.956302132001069e-07
  dropout_rate: 0.21365267333959173
  validation_fraction: 0.24432541988097034
  n_iter_no_change: 5
  tol: 2.9407403306181073e-05
  random_state: 42
  warm_start: false
  verbose: 0
seed: 42
cv_n_splits: 5
cv_n_repeats: 10
preprocessing_config:
  eps: 1.0e-06
  min_speed: 0.01
  max_hours: 9999.0
