model_type: gbsa
model_params:
  loss: coxph
  n_estimators: 97
  learning_rate: 0.10533067061365858
  subsample: 0.6206848948616626
  max_depth: 2
  max_features: 0.3
  max_leaf_nodes: 31
  min_samples_split: 18
  min_samples_leaf: 5
  min_weight_fraction_leaf: 0.0
  min_impurity_decrease: 0.018856093299689673
  criterion: friedman_mse
  ccp_alpha: 9.847634487127223e-08
  dropout_rate: 0.004710229334473992
  validation_fraction: 0.22409871175284612
  n_iter_no_change: null
  tol: 0.0002407789038457773
  random_state: 1024
  warm_start: false
  verbose: 0
seed: 1024
cv_n_splits: 5
cv_n_repeats: 10
preprocessing_config:
  eps: 1.0e-06
  min_speed: 0.01
  max_hours: 9999.0
