model_type: coxnet
model_params:
  l1_ratio: 0.9624188678657568
  alpha_min_ratio: 0.05821650593850515
  n_alphas: 296
  max_iter: 13200
  tol: 4.9550744989587623e-05
seed: 1024
cv_n_splits: 5
cv_n_repeats: 10
preprocessing_config:
  eps: 1.0e-06
  min_speed: 0.01
  max_hours: 9999.0
