seed: 42
cv_n_splits: 5
cv_n_repeats: 10
gbsa_config:
  loss: coxph
  n_estimators: 112
  learning_rate: 0.17496901387359506
  subsample: 0.9953549731776488
  max_depth: 5
  max_features: 1.0
  max_leaf_nodes: 8
  min_samples_split: 5
  min_samples_leaf: 3
  min_weight_fraction_leaf: 0.0
  min_impurity_decrease: 0.02488866143622503
  criterion: friedman_mse
  ccp_alpha: 0.0039872014649071814
  dropout_rate: 0.10986458669738945
  validation_fraction: 0.29331284074768565
  n_iter_no_change: null
  tol: 0.00010583598672171492
  random_state: 42
  warm_start: false
  verbose: 0
preprocessing_config:
  eps: 1.0e-06
  min_speed: 0.01
  max_hours: 9999.0
