model_type: gbsa
model_params:
  loss: coxph
  n_estimators: 195
  learning_rate: 0.015622580892952495
  subsample: 0.8515094794475889
  max_depth: 3
  max_features: null
  max_leaf_nodes: 63
  min_samples_split: 6
  min_samples_leaf: 3
  min_weight_fraction_leaf: 0.0
  min_impurity_decrease: 0.024472638013878154
  criterion: friedman_mse
  ccp_alpha: 0.07935114152322775
  dropout_rate: 0.1210276357557502
  validation_fraction: 0.2344271094811757
  n_iter_no_change: null
  tol: 0.0007887102624766477
  random_state: 42
  warm_start: false
  verbose: 0
seed: 42
cv_n_splits: 5
cv_n_repeats: 10
preprocessing_config:
  eps: 1.0e-06
  min_speed: 0.01
  max_hours: 9999.0
