model_type: coxnet
model_params:
  l1_ratio: 0.9886218388474616
  alpha_min_ratio: 0.06150528511425774
  n_alphas: 207
  max_iter: 18649
  tol: 1.6978139475388177e-06
seed: 42
cv_n_splits: 5
cv_n_repeats: 10
preprocessing_config:
  eps: 1.0e-06
  min_speed: 0.01
  max_hours: 9999.0
