model_type: coxnet
model_params:
  l1_ratio: 0.9608690196006915
  alpha_min_ratio: 0.08937109848793873
  n_alphas: 209
  max_iter: 15192
  tol: 2.6069234625165615e-06
seed: 777
cv_n_splits: 5
cv_n_repeats: 10
preprocessing_config:
  eps: 1.0e-06
  min_speed: 0.01
  max_hours: 9999.0
