model_type: coxnet
model_params:
  l1_ratio: 0.5506078452276355
  alpha_min_ratio: 0.0076275738509327205
  n_alphas: 131
  max_iter: 242
  tol: 2.1993298984845792e-07
seed: 42
cv_n_splits: 5
cv_n_repeats: 10
preprocessing_config:
  eps: 1.0e-06
  min_speed: 0.01
  max_hours: 9999.0
