model_type: coxnet
model_params:
  l1_ratio: 0.8946760435828998
  alpha_min_ratio: 0.00015287533114298455
  n_alphas: 155
  max_iter: 7639
  tol: 1.1407526378332363e-08
seed: 777
cv_n_splits: 5
cv_n_repeats: 10
preprocessing_config:
  eps: 1.0e-06
  min_speed: 0.01
  max_hours: 9999.0
