model_type: coxnet
model_params:
  l1_ratio: 0.9243665372640515
  alpha_min_ratio: 0.09131049969108458
  n_alphas: 191
  max_iter: 14707
  tol: 3.095812861833512e-05
seed: 42
cv_n_splits: 5
cv_n_repeats: 10
preprocessing_config:
  eps: 1.0e-06
  min_speed: 0.01
  max_hours: 9999.0
