model_type: coxnet
model_params:
  l1_ratio: 0.09337325682922837
  alpha_min_ratio: 0.00017340341924497492
  n_alphas: 197
  max_iter: 7523
  tol: 9.02619256000331e-05
seed: 777
cv_n_splits: 5
cv_n_repeats: 10
preprocessing_config:
  eps: 1.0e-06
  min_speed: 0.01
  max_hours: 9999.0
