model_type: coxnet
model_params:
  l1_ratio: 0.9276684440246161
  alpha_min_ratio: 0.056602616508035906
  n_alphas: 129
  max_iter: 5411
  tol: 2.4046983567539622e-05
seed: 777
cv_n_splits: 5
cv_n_repeats: 10
preprocessing_config:
  eps: 1.0e-06
  min_speed: 0.01
  max_hours: 9999.0
