model_type: coxnet
model_params:
  l1_ratio: 0.8671736967047012
  alpha_min_ratio: 0.03078457560384305
  n_alphas: 56
  max_iter: 19151
  tol: 4.3580466625105934e-08
seed: 777
cv_n_splits: 5
cv_n_repeats: 10
preprocessing_config:
  eps: 1.0e-06
  min_speed: 0.01
  max_hours: 9999.0
