model_type: coxnet
model_params:
  l1_ratio: 0.3745401188473625
  alpha_min_ratio: 0.07114476009343425
  n_alphas: 233
  max_iter: 12375
  tol: 4.207988669606625e-08
seed: 42
cv_n_splits: 5
cv_n_repeats: 10
preprocessing_config:
  eps: 1.0e-06
  min_speed: 0.01
  max_hours: 9999.0
