model_type: gbsa
model_params:
  loss: coxph
  n_estimators: 155
  learning_rate: 0.013823870980336632
  subsample: 0.8689763826555568
  max_depth: 1
  max_features: 0.7
  max_leaf_nodes: 16
  min_samples_split: 8
  min_samples_leaf: 8
  min_weight_fraction_leaf: 0.0
  min_impurity_decrease: 0.038754410156255976
  criterion: friedman_mse
  ccp_alpha: 4.108570334252637e-08
  dropout_rate: 0.1958860033866221
  validation_fraction: 0.2566561731400707
  n_iter_no_change: null
  tol: 8.863460515885267e-05
  random_state: 1024
  warm_start: false
  verbose: 0
seed: 1024
cv_n_splits: 5
cv_n_repeats: 10
preprocessing_config:
  eps: 1.0e-06
  min_speed: 0.01
  max_hours: 9999.0
