model_type: coxnet
model_params:
  l1_ratio: 0.07625126620049555
  alpha_min_ratio: 0.023375598137809178
  n_alphas: 188
  max_iter: 6153
  tol: 3.508538586787257e-08
seed: 2023
cv_n_splits: 5
cv_n_repeats: 10
preprocessing_config:
  eps: 1.0e-06
  min_speed: 0.01
  max_hours: 9999.0
