model_type: coxnet
model_params:
  l1_ratio: 0.8151472767050788
  alpha_min_ratio: 0.09724019689619773
  n_alphas: 252
  max_iter: 19202
  tol: 1.1083921859773434e-05
seed: 42
cv_n_splits: 5
cv_n_repeats: 10
preprocessing_config:
  eps: 1.0e-06
  min_speed: 0.01
  max_hours: 9999.0
