model_type: coxnet
model_params:
  l1_ratio: 0.8506345166445043
  alpha_min_ratio: 0.00017128683608578832
  n_alphas: 228
  max_iter: 10740
  tol: 4.90294335741883e-06
seed: 42
cv_n_splits: 5
cv_n_repeats: 10
preprocessing_config:
  eps: 1.0e-06
  min_speed: 0.01
  max_hours: 9999.0
