seed: 42
cv_n_splits: 5
cv_n_repeats: 10
gbsa_config:
  loss: coxph
  n_estimators: 319
  learning_rate: 0.1322087706740562
  subsample: 0.5442462510259598
  max_depth: 2
  max_features: 0.5
  max_leaf_nodes: 63
  min_samples_split: 16
  min_samples_leaf: 4
  min_weight_fraction_leaf: 0.0
  min_impurity_decrease: 0.00027610585618012
  criterion: friedman_mse
  ccp_alpha: 0.005107754312955827
  dropout_rate: 0.35342867192380856
  validation_fraction: 0.24580143360819745
  n_iter_no_change: null
  tol: 0.0038842777547031426
  random_state: 42
  warm_start: false
  verbose: 0
preprocessing_config:
  eps: 1.0e-06
  min_speed: 0.01
  max_hours: 9999.0
