model_type: coxnet
model_params:
  l1_ratio: 0.25985672177704866
  alpha_min_ratio: 0.00231892021661006
  n_alphas: 219
  max_iter: 1073
  tol: 1.8703439775641782e-06
seed: 1024
cv_n_splits: 5
cv_n_repeats: 10
preprocessing_config:
  eps: 1.0e-06
  min_speed: 0.01
  max_hours: 9999.0
