model_type: coxnet
model_params:
  l1_ratio: 0.9015361384781595
  alpha_min_ratio: 0.004700374255220115
  n_alphas: 295
  max_iter: 19291
  tol: 6.81772930964642e-08
seed: 42
cv_n_splits: 5
cv_n_repeats: 10
preprocessing_config:
  eps: 1.0e-06
  min_speed: 0.01
  max_hours: 9999.0
