model_type: coxnet
model_params:
  l1_ratio: 0.9902374356752843
  alpha_min_ratio: 0.05513759075391492
  n_alphas: 76
  max_iter: 19843
  tol: 2.0535586332366578e-07
seed: 1024
cv_n_splits: 5
cv_n_repeats: 10
preprocessing_config:
  eps: 1.0e-06
  min_speed: 0.01
  max_hours: 9999.0
