seed: 42
cv_n_splits: 5
cv_n_repeats: 10
gbsa_config:
  loss: coxph
  n_estimators: 107
  learning_rate: 0.16928816147329534
  subsample: 0.86601996528687
  max_depth: 6
  max_features: null
  max_leaf_nodes: 8
  min_samples_split: 4
  min_samples_leaf: 14
  min_weight_fraction_leaf: 0.0
  min_impurity_decrease: 0.01375589469242203
  criterion: friedman_mse
  ccp_alpha: 0.005594862445601504
  dropout_rate: 0.016535134619209375
  validation_fraction: 0.24618989324353682
  n_iter_no_change: 20
  tol: 0.00011672456140093722
  random_state: 42
  warm_start: false
  verbose: 0
preprocessing_config:
  eps: 1.0e-06
  min_speed: 0.01
  max_hours: 9999.0
