model_type: coxnet
model_params:
  l1_ratio: 0.9762442734018436
  alpha_min_ratio: 0.06050888659107301
  n_alphas: 269
  max_iter: 590
  tol: 6.064981852963864e-05
seed: 42
cv_n_splits: 5
cv_n_repeats: 10
preprocessing_config:
  eps: 1.0e-06
  min_speed: 0.01
  max_hours: 9999.0
