model_type: gbsa
model_params:
  loss: coxph
  n_estimators: 223
  learning_rate: 0.10113996150557333
  subsample: 0.6846318708285304
  max_depth: 1
  max_features: 1.0
  max_leaf_nodes: null
  min_samples_split: 17
  min_samples_leaf: 11
  min_weight_fraction_leaf: 0.0
  min_impurity_decrease: 0.044015071747794066
  criterion: friedman_mse
  ccp_alpha: 7.872790587890632e-05
  dropout_rate: 0.009580075072833982
  validation_fraction: 0.26117485195917883
  n_iter_no_change: 20
  tol: 0.001413764988743817
  random_state: 1024
  warm_start: false
  verbose: 0
seed: 1024
cv_n_splits: 5
cv_n_repeats: 10
preprocessing_config:
  eps: 1.0e-06
  min_speed: 0.01
  max_hours: 9999.0
