model_type: coxnet
model_params:
  l1_ratio: 0.984651360487593
  alpha_min_ratio: 0.08055941867131924
  n_alphas: 209
  max_iter: 584
  tol: 9.216977709880228e-05
seed: 42
cv_n_splits: 5
cv_n_repeats: 10
preprocessing_config:
  eps: 1.0e-06
  min_speed: 0.01
  max_hours: 9999.0
