model_type: coxnet
model_params:
  l1_ratio: 0.9215516904864949
  alpha_min_ratio: 0.06086578744736425
  n_alphas: 241
  max_iter: 1509
  tol: 1.4739839882408274e-05
seed: 42
cv_n_splits: 5
cv_n_repeats: 10
preprocessing_config:
  eps: 1.0e-06
  min_speed: 0.01
  max_hours: 9999.0
