model_type: gbsa
model_params:
  loss: coxph
  n_estimators: 195
  learning_rate: 0.11244278474015625
  subsample: 0.6531272228087351
  max_depth: 6
  max_features: null
  max_leaf_nodes: 16
  min_samples_split: 15
  min_samples_leaf: 14
  min_weight_fraction_leaf: 0.0
  min_impurity_decrease: 0.029784704923788933
  criterion: friedman_mse
  ccp_alpha: 4.281016962168429e-05
  dropout_rate: 0.057884720881504044
  validation_fraction: 0.2309365245618649
  n_iter_no_change: null
  tol: 7.771448716556335e-05
  random_state: 777
  warm_start: false
  verbose: 0
seed: 777
cv_n_splits: 5
cv_n_repeats: 10
preprocessing_config:
  eps: 1.0e-06
  min_speed: 0.01
  max_hours: 9999.0
