model_type: coxnet
model_params:
  l1_ratio: 0.9833515649793622
  alpha_min_ratio: 0.09162415628115857
  n_alphas: 172
  max_iter: 13535
  tol: 2.0504637764951075e-05
seed: 777
cv_n_splits: 5
cv_n_repeats: 10
preprocessing_config:
  eps: 1.0e-06
  min_speed: 0.01
  max_hours: 9999.0
