model_type: gbsa
model_params:
  loss: coxph
  n_estimators: 430
  learning_rate: 0.08061431364215331
  subsample: 0.7880983483423437
  max_depth: 1
  max_features: 0.7
  max_leaf_nodes: 31
  min_samples_split: 13
  min_samples_leaf: 12
  min_weight_fraction_leaf: 0.0
  min_impurity_decrease: 0.04065059915089589
  criterion: friedman_mse
  ccp_alpha: 5.316413047523711e-08
  dropout_rate: 0.022128543287346838
  validation_fraction: 0.20505639759628216
  n_iter_no_change: null
  tol: 3.1443813933044855e-05
  random_state: 2023
  warm_start: false
  verbose: 0
seed: 2023
cv_n_splits: 5
cv_n_repeats: 10
preprocessing_config:
  eps: 1.0e-06
  min_speed: 0.01
  max_hours: 9999.0
