model_type: coxnet
model_params:
  l1_ratio: 0.9309213584257354
  alpha_min_ratio: 0.08861092819332972
  n_alphas: 219
  max_iter: 511
  tol: 6.737806693105577e-05
seed: 42
cv_n_splits: 5
cv_n_repeats: 10
preprocessing_config:
  eps: 1.0e-06
  min_speed: 0.01
  max_hours: 9999.0
