model_type: coxnet
model_params:
  l1_ratio: 0.9651606242280238
  alpha_min_ratio: 0.06288871710162507
  n_alphas: 272
  max_iter: 1976
  tol: 1.3109737145150907e-05
seed: 42
cv_n_splits: 5
cv_n_repeats: 10
preprocessing_config:
  eps: 1.0e-06
  min_speed: 0.01
  max_hours: 9999.0
