model_type: coxnet
model_params:
  l1_ratio: 0.9456088417898232
  alpha_min_ratio: 0.07834288890730752
  n_alphas: 227
  max_iter: 16812
  tol: 2.9688618321983244e-06
seed: 42
cv_n_splits: 5
cv_n_repeats: 10
preprocessing_config:
  eps: 1.0e-06
  min_speed: 0.01
  max_hours: 9999.0
