model_type: coxnet
model_params:
  l1_ratio: 0.963545970106315
  alpha_min_ratio: 0.03799981833581363
  n_alphas: 232
  max_iter: 16793
  tol: 9.578676142620509e-06
seed: 42
cv_n_splits: 5
cv_n_repeats: 10
preprocessing_config:
  eps: 1.0e-06
  min_speed: 0.01
  max_hours: 9999.0
