model_type: gbsa
model_params:
  loss: coxph
  n_estimators: 472
  learning_rate: 0.18508288772005124
  subsample: 0.5676276008752228
  max_depth: 4
  max_features: sqrt
  max_leaf_nodes: null
  min_samples_split: 2
  min_samples_leaf: 16
  min_weight_fraction_leaf: 0.0
  min_impurity_decrease: 0.046335522143025984
  criterion: friedman_mse
  ccp_alpha: 0.03742126070370746
  dropout_rate: 0.07268245244895208
  validation_fraction: 0.18863274940047003
  n_iter_no_change: 5
  tol: 1.7120944513845335e-05
  random_state: 42
  warm_start: false
  verbose: 0
seed: 42
cv_n_splits: 5
cv_n_repeats: 10
preprocessing_config:
  eps: 1.0e-06
  min_speed: 0.01
  max_hours: 9999.0
