model_type: coxnet
model_params:
  l1_ratio: 0.9234846508604848
  alpha_min_ratio: 0.08862803564069002
  n_alphas: 249
  max_iter: 19898
  tol: 1.951323432734309e-06
seed: 42
cv_n_splits: 5
cv_n_repeats: 10
preprocessing_config:
  eps: 1.0e-06
  min_speed: 0.01
  max_hours: 9999.0
