model_type: coxnet
model_params:
  l1_ratio: 0.831952767208052
  alpha_min_ratio: 0.0723894527024934
  n_alphas: 187
  max_iter: 19455
  tol: 9.12699419921051e-05
seed: 1024
cv_n_splits: 5
cv_n_repeats: 10
preprocessing_config:
  eps: 1.0e-06
  min_speed: 0.01
  max_hours: 9999.0
