model_type: coxnet
model_params:
  l1_ratio: 0.7099925299195613
  alpha_min_ratio: 0.09956972611931107
  n_alphas: 178
  max_iter: 12517
  tol: 2.301491628283261e-07
seed: 2023
cv_n_splits: 5
cv_n_repeats: 10
preprocessing_config:
  eps: 1.0e-06
  min_speed: 0.01
  max_hours: 9999.0
