model_type: coxnet
model_params:
  l1_ratio: 0.9529348674570922
  alpha_min_ratio: 0.08408532992639947
  n_alphas: 104
  max_iter: 9664
  tol: 5.61530477140223e-06
seed: 777
cv_n_splits: 5
cv_n_repeats: 10
preprocessing_config:
  eps: 1.0e-06
  min_speed: 0.01
  max_hours: 9999.0
