model_type: coxnet
model_params:
  l1_ratio: 0.4095687370976941
  alpha_min_ratio: 0.0005407821651348487
  n_alphas: 124
  max_iter: 1307
  tol: 1.3409224125145265e-06
seed: 42
cv_n_splits: 5
cv_n_repeats: 10
preprocessing_config:
  eps: 1.0e-06
  min_speed: 0.01
  max_hours: 9999.0
