model_type: coxnet
model_params:
  l1_ratio: 0.9632820817147566
  alpha_min_ratio: 0.04872070088547181
  n_alphas: 225
  max_iter: 7931
  tol: 1.0328529857412626e-06
seed: 2023
cv_n_splits: 5
cv_n_repeats: 10
preprocessing_config:
  eps: 1.0e-06
  min_speed: 0.01
  max_hours: 9999.0
