model_type: coxnet
model_params:
  l1_ratio: 0.9811457157732012
  alpha_min_ratio: 0.06138453528641273
  n_alphas: 277
  max_iter: 17716
  tol: 7.401420367160887e-05
seed: 42
cv_n_splits: 5
cv_n_repeats: 10
preprocessing_config:
  eps: 1.0e-06
  min_speed: 0.01
  max_hours: 9999.0
