model_type: coxnet
model_params:
  l1_ratio: 0.8728157439707953
  alpha_min_ratio: 0.06266658039474063
  n_alphas: 223
  max_iter: 1990
  tol: 1.3564425287887865e-06
seed: 42
cv_n_splits: 5
cv_n_repeats: 10
preprocessing_config:
  eps: 1.0e-06
  min_speed: 0.01
  max_hours: 9999.0
