model_type: coxnet
model_params:
  l1_ratio: 0.152663734901322
  alpha_min_ratio: 0.0008073648339837073
  n_alphas: 65
  max_iter: 9737
  tol: 2.1928732901420912e-05
seed: 777
cv_n_splits: 5
cv_n_repeats: 10
preprocessing_config:
  eps: 1.0e-06
  min_speed: 0.01
  max_hours: 9999.0
