model_type: coxnet
model_params:
  l1_ratio: 0.9669203868436876
  alpha_min_ratio: 0.07106480078961211
  n_alphas: 98
  max_iter: 6281
  tol: 3.3566585302610934e-05
seed: 777
cv_n_splits: 5
cv_n_repeats: 10
preprocessing_config:
  eps: 1.0e-06
  min_speed: 0.01
  max_hours: 9999.0
