model_type: coxnet
model_params:
  l1_ratio: 0.9357190453254924
  alpha_min_ratio: 0.055088306614952974
  n_alphas: 181
  max_iter: 19492
  tol: 9.162563535626624e-08
seed: 1024
cv_n_splits: 5
cv_n_repeats: 10
preprocessing_config:
  eps: 1.0e-06
  min_speed: 0.01
  max_hours: 9999.0
