model_type: coxnet
model_params:
  l1_ratio: 0.93907901890884
  alpha_min_ratio: 0.051437962554173065
  n_alphas: 262
  max_iter: 19223
  tol: 7.549913357066918e-06
seed: 1024
cv_n_splits: 5
cv_n_repeats: 10
preprocessing_config:
  eps: 1.0e-06
  min_speed: 0.01
  max_hours: 9999.0
