model_type: coxnet
model_params:
  l1_ratio: 0.999839265777876
  alpha_min_ratio: 0.05989108181363449
  n_alphas: 257
  max_iter: 16292
  tol: 5.686487348819317e-05
seed: 1024
cv_n_splits: 5
cv_n_repeats: 10
preprocessing_config:
  eps: 1.0e-06
  min_speed: 0.01
  max_hours: 9999.0
