model_type: coxnet
model_params:
  l1_ratio: 0.6705932021572316
  alpha_min_ratio: 0.011093908775218153
  n_alphas: 181
  max_iter: 15716
  tol: 1.1956351862944426e-06
seed: 1024
cv_n_splits: 5
cv_n_repeats: 10
preprocessing_config:
  eps: 1.0e-06
  min_speed: 0.01
  max_hours: 9999.0
