model_type: gbsa
model_params:
  loss: coxph
  n_estimators: 301
  learning_rate: 0.038220516215225195
  subsample: 0.8571272463789273
  max_depth: 5
  max_features: 1.0
  max_leaf_nodes: null
  min_samples_split: 18
  min_samples_leaf: 2
  min_weight_fraction_leaf: 0.0
  min_impurity_decrease: 0.03285218041750613
  criterion: friedman_mse
  ccp_alpha: 0.00013021730032690442
  dropout_rate: 0.1472859986477973
  validation_fraction: 0.14872696103070504
  n_iter_no_change: null
  tol: 1.2636469343874342e-05
  random_state: 777
  warm_start: false
  verbose: 0
seed: 777
cv_n_splits: 5
cv_n_repeats: 10
preprocessing_config:
  eps: 1.0e-06
  min_speed: 0.01
  max_hours: 9999.0
