model_type: coxnet
model_params:
  l1_ratio: 0.1498727216556613
  alpha_min_ratio: 0.02422265220522688
  n_alphas: 219
  max_iter: 15407
  tol: 1.1255913314011431e-08
seed: 777
cv_n_splits: 5
cv_n_repeats: 10
preprocessing_config:
  eps: 1.0e-06
  min_speed: 0.01
  max_hours: 9999.0
