model_type: gbsa
model_params:
  loss: coxph
  n_estimators: 63
  learning_rate: 0.07418830388211359
  subsample: 0.5499289366974991
  max_depth: 6
  max_features: 0.5
  max_leaf_nodes: null
  min_samples_split: 13
  min_samples_leaf: 13
  min_weight_fraction_leaf: 0.0
  min_impurity_decrease: 0.04279977059806754
  criterion: friedman_mse
  ccp_alpha: 0.00016274377547458689
  dropout_rate: 0.011820077778506436
  validation_fraction: 0.15875206079894366
  n_iter_no_change: null
  tol: 0.00016669567213987922
  random_state: 1024
  warm_start: false
  verbose: 0
seed: 1024
cv_n_splits: 5
cv_n_repeats: 10
preprocessing_config:
  eps: 1.0e-06
  min_speed: 0.01
  max_hours: 9999.0
