model_type: coxnet
model_params:
  l1_ratio: 0.9048805047643976
  alpha_min_ratio: 0.09264963582294428
  n_alphas: 75
  max_iter: 17019
  tol: 2.2819736239721963e-07
seed: 2023
cv_n_splits: 5
cv_n_repeats: 10
preprocessing_config:
  eps: 1.0e-06
  min_speed: 0.01
  max_hours: 9999.0
