model_type: coxnet
model_params:
  l1_ratio: 0.98305987792383
  alpha_min_ratio: 0.04263793767852157
  n_alphas: 294
  max_iter: 1527
  tol: 2.825171468784597e-05
seed: 42
cv_n_splits: 5
cv_n_repeats: 10
preprocessing_config:
  eps: 1.0e-06
  min_speed: 0.01
  max_hours: 9999.0
