model_type: coxnet
model_params:
  l1_ratio: 0.9366125445276697
  alpha_min_ratio: 0.08773781404354246
  n_alphas: 262
  max_iter: 19292
  tol: 2.603150211356368e-05
seed: 1024
cv_n_splits: 5
cv_n_repeats: 10
preprocessing_config:
  eps: 1.0e-06
  min_speed: 0.01
  max_hours: 9999.0
