model_type: coxnet
model_params:
  l1_ratio: 0.928397281304811
  alpha_min_ratio: 0.002466418322412599
  n_alphas: 136
  max_iter: 19785
  tol: 6.223112869966932e-05
seed: 2023
cv_n_splits: 5
cv_n_repeats: 10
preprocessing_config:
  eps: 1.0e-06
  min_speed: 0.01
  max_hours: 9999.0
