model_type: coxnet
model_params:
  l1_ratio: 0.9392328955441713
  alpha_min_ratio: 0.08576033085777998
  n_alphas: 233
  max_iter: 1773
  tol: 8.208866519918948e-05
seed: 42
cv_n_splits: 5
cv_n_repeats: 10
preprocessing_config:
  eps: 1.0e-06
  min_speed: 0.01
  max_hours: 9999.0
