model_type: coxnet
model_params:
  l1_ratio: 0.8583280962239961
  alpha_min_ratio: 0.00015306519351715632
  n_alphas: 285
  max_iter: 11058
  tol: 8.926638324650836e-05
seed: 2023
cv_n_splits: 5
cv_n_repeats: 10
preprocessing_config:
  eps: 1.0e-06
  min_speed: 0.01
  max_hours: 9999.0
