model_type: gbsa
model_params:
  loss: coxph
  n_estimators: 358
  learning_rate: 0.19956746016006485
  subsample: 0.6761563213276568
  max_depth: 3
  max_features: null
  max_leaf_nodes: 31
  min_samples_split: 17
  min_samples_leaf: 18
  min_weight_fraction_leaf: 0.0
  min_impurity_decrease: 0.017407599746299355
  criterion: friedman_mse
  ccp_alpha: 0.0002452812385570676
  dropout_rate: 0.011229614151580074
  validation_fraction: 0.253866665059782
  n_iter_no_change: null
  tol: 0.0028480106513160924
  random_state: 2023
  warm_start: false
  verbose: 0
seed: 2023
cv_n_splits: 5
cv_n_repeats: 10
preprocessing_config:
  eps: 1.0e-06
  min_speed: 0.01
  max_hours: 9999.0
