model_type: coxnet
model_params:
  l1_ratio: 0.9956558442583398
  alpha_min_ratio: 0.05311449427707397
  n_alphas: 155
  max_iter: 1089
  tol: 6.100819910307951e-05
seed: 42
cv_n_splits: 5
cv_n_repeats: 10
preprocessing_config:
  eps: 1.0e-06
  min_speed: 0.01
  max_hours: 9999.0
