model_type: coxnet
model_params:
  l1_ratio: 0.8900318901335275
  alpha_min_ratio: 0.026683100200062756
  n_alphas: 289
  max_iter: 17315
  tol: 9.462898986050518e-05
seed: 1024
cv_n_splits: 5
cv_n_repeats: 10
preprocessing_config:
  eps: 1.0e-06
  min_speed: 0.01
  max_hours: 9999.0
