model_type: coxnet
model_params:
  l1_ratio: 0.9431903449410921
  alpha_min_ratio: 0.014008678449762255
  n_alphas: 226
  max_iter: 1665
  tol: 7.982423196469725e-05
seed: 42
cv_n_splits: 5
cv_n_repeats: 10
preprocessing_config:
  eps: 1.0e-06
  min_speed: 0.01
  max_hours: 9999.0
