model_type: coxnet
model_params:
  l1_ratio: 0.6581946213212584
  alpha_min_ratio: 0.00047522958047636264
  n_alphas: 273
  max_iter: 15707
  tol: 1.826026639653486e-06
seed: 2023
cv_n_splits: 5
cv_n_repeats: 10
preprocessing_config:
  eps: 1.0e-06
  min_speed: 0.01
  max_hours: 9999.0
