model_type: gbsa
model_params:
  loss: coxph
  n_estimators: 269
  learning_rate: 0.11115171709427546
  subsample: 0.6575278713887576
  max_depth: 2
  max_features: sqrt
  max_leaf_nodes: 16
  min_samples_split: 14
  min_samples_leaf: 9
  min_weight_fraction_leaf: 0.0
  min_impurity_decrease: 0.048175959897047614
  criterion: friedman_mse
  ccp_alpha: 1.9175964964994024e-05
  dropout_rate: 0.0283564789591359
  validation_fraction: 0.20333830846147552
  n_iter_no_change: null
  tol: 0.0002633425725627971
  random_state: 1024
  warm_start: false
  verbose: 0
seed: 1024
cv_n_splits: 5
cv_n_repeats: 10
preprocessing_config:
  eps: 1.0e-06
  min_speed: 0.01
  max_hours: 9999.0
