model_type: coxnet
model_params:
  l1_ratio: 0.7497119303799771
  alpha_min_ratio: 0.07917619437806601
  n_alphas: 56
  max_iter: 12212
  tol: 3.1414469669192245e-05
seed: 2023
cv_n_splits: 5
cv_n_repeats: 10
preprocessing_config:
  eps: 1.0e-06
  min_speed: 0.01
  max_hours: 9999.0
