model_type: coxnet
model_params:
  l1_ratio: 0.8005697079423413
  alpha_min_ratio: 0.015078015572850807
  n_alphas: 191
  max_iter: 3140
  tol: 1.0584061353477364e-08
seed: 42
cv_n_splits: 5
cv_n_repeats: 10
preprocessing_config:
  eps: 1.0e-06
  min_speed: 0.01
  max_hours: 9999.0
