model_type: coxnet
model_params:
  l1_ratio: 0.8657065269523957
  alpha_min_ratio: 0.025375243111680712
  n_alphas: 294
  max_iter: 19861
  tol: 5.617100321961942e-06
seed: 1024
cv_n_splits: 5
cv_n_repeats: 10
preprocessing_config:
  eps: 1.0e-06
  min_speed: 0.01
  max_hours: 9999.0
