model_type: coxnet
model_params:
  l1_ratio: 0.9269970477498947
  alpha_min_ratio: 0.015169349339848067
  n_alphas: 242
  max_iter: 6115
  tol: 3.7680544359147612e-06
seed: 777
cv_n_splits: 5
cv_n_repeats: 10
preprocessing_config:
  eps: 1.0e-06
  min_speed: 0.01
  max_hours: 9999.0
