model_type: gbsa
model_params:
  loss: coxph
  n_estimators: 248
  learning_rate: 0.00815477417345091
  subsample: 0.8818939779674574
  max_depth: 5
  max_features: sqrt
  max_leaf_nodes: 31
  min_samples_split: 9
  min_samples_leaf: 10
  min_weight_fraction_leaf: 0.0
  min_impurity_decrease: 0.031703249515310374
  criterion: friedman_mse
  ccp_alpha: 0.012321174298831677
  dropout_rate: 0.0854057697506879
  validation_fraction: 0.27891336664988287
  n_iter_no_change: null
  tol: 1.6595880816244404e-05
  random_state: 42
  warm_start: false
  verbose: 0
seed: 42
cv_n_splits: 5
cv_n_repeats: 10
preprocessing_config:
  eps: 1.0e-06
  min_speed: 0.01
  max_hours: 9999.0
