model_type: coxnet
model_params:
  l1_ratio: 0.3523013510750852
  alpha_min_ratio: 0.00014133479723568867
  n_alphas: 120
  max_iter: 8684
  tol: 4.985115673765105e-07
seed: 1024
cv_n_splits: 5
cv_n_repeats: 10
preprocessing_config:
  eps: 1.0e-06
  min_speed: 0.01
  max_hours: 9999.0
