model_type: gbsa
model_params:
  loss: coxph
  n_estimators: 396
  learning_rate: 0.04608185950103245
  subsample: 0.5117908805543882
  max_depth: 6
  max_features: log2
  max_leaf_nodes: 31
  min_samples_split: 10
  min_samples_leaf: 6
  min_weight_fraction_leaf: 0.0
  min_impurity_decrease: 0.023683958253698883
  criterion: friedman_mse
  ccp_alpha: 0.0011056715501304736
  dropout_rate: 0.12789930275592867
  validation_fraction: 0.18744642957669808
  n_iter_no_change: 5
  tol: 0.000336007372796128
  random_state: 42
  warm_start: false
  verbose: 0
seed: 42
cv_n_splits: 5
cv_n_repeats: 10
preprocessing_config:
  eps: 1.0e-06
  min_speed: 0.01
  max_hours: 9999.0
