model_type: gbsa
model_params:
  loss: coxph
  n_estimators: 245
  learning_rate: 0.09399746287901534
  subsample: 0.8432895672027729
  max_depth: 3
  max_features: 0.3
  max_leaf_nodes: 16
  min_samples_split: 15
  min_samples_leaf: 1
  min_weight_fraction_leaf: 0.0
  min_impurity_decrease: 0.04312327847533984
  criterion: friedman_mse
  ccp_alpha: 0.00044847245461825076
  dropout_rate: 0.0014544030996299778
  validation_fraction: 0.18323347790175676
  n_iter_no_change: null
  tol: 0.00034127760868228835
  random_state: 1024
  warm_start: false
  verbose: 0
seed: 1024
cv_n_splits: 5
cv_n_repeats: 10
preprocessing_config:
  eps: 1.0e-06
  min_speed: 0.01
  max_hours: 9999.0
