model_type: gbsa
model_params:
  loss: coxph
  n_estimators: 409
  learning_rate: 0.05393225813716728
  subsample: 0.6589027382434353
  max_depth: 2
  max_features: sqrt
  max_leaf_nodes: 8
  min_samples_split: 16
  min_samples_leaf: 9
  min_weight_fraction_leaf: 0.0
  min_impurity_decrease: 0.02132253971115621
  criterion: friedman_mse
  ccp_alpha: 0.0012773614243503464
  dropout_rate: 0.02594160026137407
  validation_fraction: 0.15485322706658985
  n_iter_no_change: null
  tol: 0.00016918552439963139
  random_state: 777
  warm_start: false
  verbose: 0
seed: 777
cv_n_splits: 5
cv_n_repeats: 10
preprocessing_config:
  eps: 1.0e-06
  min_speed: 0.01
  max_hours: 9999.0
