model_type: coxnet
model_params:
  l1_ratio: 0.7242440865311627
  alpha_min_ratio: 0.00477648837047454
  n_alphas: 168
  max_iter: 11028
  tol: 3.6540571356571137e-06
seed: 777
cv_n_splits: 5
cv_n_repeats: 10
preprocessing_config:
  eps: 1.0e-06
  min_speed: 0.01
  max_hours: 9999.0
