model_type: coxnet
model_params:
  l1_ratio: 0.9703414635473864
  alpha_min_ratio: 0.010727023640962926
  n_alphas: 159
  max_iter: 17703
  tol: 5.658710690247282e-07
seed: 42
cv_n_splits: 5
cv_n_repeats: 10
preprocessing_config:
  eps: 1.0e-06
  min_speed: 0.01
  max_hours: 9999.0
