model_type: gbsa
model_params:
  loss: coxph
  n_estimators: 68
  learning_rate: 0.1012965790453666
  subsample: 0.5505880622769344
  max_depth: 6
  max_features: null
  max_leaf_nodes: 8
  min_samples_split: 13
  min_samples_leaf: 13
  min_weight_fraction_leaf: 0.0
  min_impurity_decrease: 0.030264941928695104
  criterion: friedman_mse
  ccp_alpha: 0.0002902967249085134
  dropout_rate: 0.07252167922194039
  validation_fraction: 0.22203109551575503
  n_iter_no_change: null
  tol: 1.2824343927979864e-05
  random_state: 777
  warm_start: false
  verbose: 0
seed: 777
cv_n_splits: 5
cv_n_repeats: 10
preprocessing_config:
  eps: 1.0e-06
  min_speed: 0.01
  max_hours: 9999.0
