model_type: coxnet
model_params:
  l1_ratio: 0.9649734106370366
  alpha_min_ratio: 0.03016573131407954
  n_alphas: 187
  max_iter: 19389
  tol: 2.7266577398844535e-07
seed: 777
cv_n_splits: 5
cv_n_repeats: 10
preprocessing_config:
  eps: 1.0e-06
  min_speed: 0.01
  max_hours: 9999.0
