model_type: coxnet
model_params:
  l1_ratio: 0.8604802103429949
  alpha_min_ratio: 0.08366176257559975
  n_alphas: 189
  max_iter: 13688
  tol: 2.7504744949844054e-06
seed: 777
cv_n_splits: 5
cv_n_repeats: 10
preprocessing_config:
  eps: 1.0e-06
  min_speed: 0.01
  max_hours: 9999.0
