model_type: coxnet
model_params:
  l1_ratio: 0.9398133144721743
  alpha_min_ratio: 0.06431042044592993
  n_alphas: 57
  max_iter: 19595
  tol: 3.5667518179080192e-06
seed: 2023
cv_n_splits: 5
cv_n_repeats: 10
preprocessing_config:
  eps: 1.0e-06
  min_speed: 0.01
  max_hours: 9999.0
