model_type: coxnet
model_params:
  l1_ratio: 0.9048115451123923
  alpha_min_ratio: 0.033926180820593566
  n_alphas: 261
  max_iter: 15731
  tol: 1.0918610363088653e-05
seed: 777
cv_n_splits: 5
cv_n_repeats: 10
preprocessing_config:
  eps: 1.0e-06
  min_speed: 0.01
  max_hours: 9999.0
