model_type: coxnet
model_params:
  l1_ratio: 0.8761919017799267
  alpha_min_ratio: 0.006464508980357017
  n_alphas: 289
  max_iter: 18634
  tol: 7.858398105622326e-05
seed: 2023
cv_n_splits: 5
cv_n_repeats: 10
preprocessing_config:
  eps: 1.0e-06
  min_speed: 0.01
  max_hours: 9999.0
